"Frame","Body_Angle","Right_foot_centerline_dist","Left_foot_centerline_dist"
0,-3.75832397310295,28.1351564986497,0.0398616948484186
1,-3.75800319754473,28.1947796745902,0.024473853738954
2,-3.75189196687246,28.2195079197379,0.000168150965034434
3,-3.65484116759265,29.0663569757929,1.3400029361165
4,-3.65197470400244,29.227869318724,1.37737739841336
5,-3.64660674196359,29.3863005052043,3.66327807690654
6,-3.69162297710666,29.5433791832119,3.55157408155893
7,-3.68961957342432,30.0866006153653,5.72988183111195
8,-3.68897214223058,30.0899631233182,5.79235111356613
9,-3.7165012293368,31.8849218943445,5.90966203842945
10,-3.71578779308776,31.931299187211,5.91945029399051
11,-3.71396334039387,31.9181761909487,6.80139717552198
12,-3.77395096039574,32.2153362069295,6.83166882469254
13,-4.06998976545109,33.5891478489618,8.45953595890952
14,-4.06998976545109,33.5850154099622,8.48142528596993
15,-4.06998976545109,34.1069504024684,8.48142528596993
16,-4.03046256414458,34.0062231204598,8.07275227685823
17,-3.54171572124809,33.2132884291302,7.3493514144427
18,-3.50818438444668,33.1222608099119,7.39361263961497
19,-3.50837477955943,33.1549097462782,7.17507131992818
20,-3.51081025818813,33.0630288343218,6.84059204581614
21,-3.501698860028,32.7725322129568,6.68350010757406
22,-3.49950365939334,32.7604594142357,6.59305310192938
23,-3.51660366658432,32.6419605323823,4.71040326219658
24,-3.5166161999062,32.595402786463,4.66180972415054
25,-3.61659039655301,29.4619973583619,2.43680800535883
26,-3.63837241795289,29.2228293510487,2.4141505548981
27,-3.7600753630385,27.9425766283262,0.816760931771612
28,-3.76791784276525,27.9823555049893,0.492456295966576
29,-3.77662179773859,28.0194159479891,1.44871523497731
30,-3.7749640383447,28.2617250207126,1.55590509735926
31,-3.73953464033426,28.3421831441528,1.48082050008543
32,-3.6758165609667,28.2201464648825,1.25332958741208
33,-3.67252786051184,28.2236697782868,1.21935245170591
34,-3.6671619349044,28.2275019429074,1.18264102829839
35,-3.66679498617422,29.112798185691,0.399083377416617
36,-3.66679498617422,29.97621014304,1.82922728048803
37,-3.66403014150078,29.942010501541,3.15065736337052
38,-3.87227356428467,30.9921059477873,4.40252865134768
39,-3.87227356428467,30.9820996725885,4.53201381993277
40,-3.87431884367536,30.9747920538593,4.62949056371991
41,-3.86863412652187,32.2019397063051,4.66807100487715
42,-3.86030764466472,32.2126886258394,4.723330523247
43,-3.41607449400466,31.9621980413629,5.10517295561292
44,-3.40625536220069,31.9803738324543,5.07910306370857
45,-3.27349246819348,31.3844691533374,5.46710261386942
46,-3.26816890329476,31.458789819615,5.3733633888432
47,-3.26519017091805,31.4977610418632,5.31437455853659
48,-3.26519017091805,31.4122130971626,5.28931118626305
49,-3.26519017091805,31.0811099203468,5.29334028842987
50,-3.30671263686178,30.8631454376435,5.11508081135133
51,-3.65742310353995,31.3605572081434,5.46436763861989
52,-3.68064461716952,30.9519779223616,5.58289458197874
53,-3.8219777001837,29.5950393648972,5.12143304184293
54,-3.8219777001837,29.4866280200679,5.01983956395039
55,-3.8219777001837,29.074675451608,4.86357379553397
56,-3.81110913009423,28.8482990097824,4.35202307926171
57,-3.81822542536761,28.4612419892702,3.20544112667398
58,-3.81157464792567,28.2457289397454,2.88490036964629
59,-3.77521055255487,27.9641045727716,2.21815778333441
60,-3.72961676901265,27.4999617671603,0.760521702914
61,-3.63725635856111,26.8316318220589,1.87267905633982
62,-3.61693376353896,26.7217988054778,1.7707439857176
63,-3.61693376353896,26.7179550322635,1.76658209158057
64,-3.61193076465227,27.2511645685161,1.48748177467355
65,-3.73094960120869,27.9717535578486,1.08252748734011
66,-3.73580164882077,28.0811728960047,1.16462747201973
67,-3.73580164882077,28.1715054917965,2.20829585615523
68,-3.73467737657209,28.6260490828052,2.21443778503353
69,-3.58563972073402,30.197226885958,3.5463015461261
70,-3.57736657451008,30.286578798956,3.57366311316658
71,-3.57515097143295,30.5520373561346,3.55727517974001
72,-3.5812378219444,30.7764739987389,3.78482863471796
73,-3.529993145929,30.9838244341561,4.29338216769913
74,-3.53214329268664,31.0423385335462,4.2554941626935
75,-3.42823770611779,30.6754969372575,4.71926220647065
76,-3.42300804949781,30.8730989068776,4.53682136960926
77,-3.42300804949781,30.8749189515538,2.61458542824265
78,-3.42548497701757,30.8863551228254,2.48774581230284
79,-3.78334688302664,27.9468459049706,0.449162814671108
80,-3.78700996297559,27.7052500258201,0.0935578442430851
81,-3.78767267607137,27.3214033048973,0.259591069887268
82,-3.78837020619803,27.2130635568747,0.389351732623132
83,-3.78537833739478,27.3994282020045,0.43996310117466
84,-3.78790301883595,27.5571677706874,0.612374559573133
85,-3.64821867638875,27.0983091516724,0.69152572997993
86,-3.64951267530979,27.1689600645046,0.782964329428189
87,-3.60658283285621,27.1237632292601,0.733713387423403
88,-3.60409840058174,27.3646059016679,1.13825899037856
89,-3.64275050111323,28.0867061081918,0.521680572837477
90,-3.66486246232439,28.2930833608933,0.932081790639619
91,-3.68756950149312,29.1580856384186,2.21349724987326
92,-3.72010466370022,29.9136708026222,2.18062648962923
93,-3.95972542675893,32.5001784331989,6.41875010139472
94,-3.95545318299744,33.1374479647538,6.77607347185024
95,-3.94750692599831,35.1436353636324,7.41020875969671
96,-3.94750692599831,35.2300757902039,7.64470781812755
97,-3.94750692599831,37.9025296889387,9.11489506389183
98,-3.9725216747325,38.5800755184715,9.00445719346401
99,-3.98016347074667,39.4874815626363,11.4874354966779
100,-3.98016347074667,39.5923947392685,11.6581139676242
101,-3.9759872767394,45.9623574193005,11.718248783481
102,-3.97194731731246,46.234150667649,12.1199961529349
103,-3.95916432916387,46.1346066021981,13.550959964892
104,-3.97835882996925,45.9781377344435,13.6095827486672
105,-4.60115238584987,51.3614226857178,16.5973342376642
106,-4.63421667095131,51.4085195100456,16.6339088354788
107,-4.66624352530304,51.5054288830415,16.5821892811563
108,-4.66013788962959,51.4144437918437,16.6700967373802
109,-4.71467446224037,51.7732905913616,16.6499353543775
110,-4.72329276308484,51.9398132206088,16.7421345577483
111,-4.66013788962959,51.9506892069963,17.0757091311358
112,-4.65515149732839,52.1197626233061,17.0082147837908
113,-4.42696082184422,51.8686269212331,17.9815424028662
114,-4.00513065061885,51.4205069186923,16.3743768825643
115,-4.00014449510025,51.402313524123,16.3953446792468
116,-4.00014449510025,51.5677321213005,16.1900723064306
117,-4.00371033373661,51.9123407951437,16.3529380467502
118,-4.0207085252433,52.1097940822171,16.2902721197983
119,-4.15668783735505,52.8896786946618,15.9362645891257
120,-4.17743422425861,52.9384129358144,15.9275902380189
121,-5.03038969665165,56.8492966096679,15.5545486141808
122,-5.04251241011948,56.6015316771249,17.1686362078448
123,-5.64020661114537,59.3161358633164,33.2958237164592
124,-5.64260104514635,59.251321239424,33.3335848758605
125,-5.64260104514635,64.9032599091532,33.5983400393333
126,-5.57079438340873,64.6274874483041,35.6023074071436
127,-4.84343811921984,114.143259959198,115.474324497514
128,-4.8265477535238,114.174687647895,116.141853319829
129,-4.51173828507263,112.485817304282,117.465944203329
130,-4.49895568292419,112.406501427857,116.880527347907
131,-4.44820336978809,102.549528866517,86.2290892193292
132,-4.35197115353443,101.88742008276,86.750271133924
133,-4.35197115353443,89.3745810898565,86.4262957269321
134,-4.35287876869734,89.3077193945268,86.4614381274465
135,-5.0680334319783,60.1146385977943,57.067940407122
136,-5.07953292914822,59.9695368562313,57.103557959631
137,-5.28933371379579,56.9561737955898,39.984897665249
138,-5.28856301035914,56.9070743942574,39.8576777148155
139,-5.318144835505,57.0119217150464,36.2793673872975
140,-5.3120511658478,56.7472379110731,36.2429092005057
141,-5.27702273036778,56.3396066890147,35.933821807542
142,-5.19977144096528,55.6159498667063,36.3216473806975
143,-4.23719472989894,51.0905187779031,32.5192500650036
144,-4.20772378671834,50.9660114179215,32.6508755307192
145,-3.32960329472175,45.254948861029,25.1906576484608
146,-3.32960329472175,45.2547368317239,25.1758262609106
147,-3.32960329472175,44.6128129155346,25.1261553989549
148,-5.1636108333201,42.5047138485841,23.7001874684909
149,-5.19294257527035,42.3665536049008,23.5631410499704
150,-5.21538110309196,42.1132853936969,23.4413526159872
151,-5.21538110309196,42.0398333663958,23.4777373053635
152,-5.19941342781921,41.9117002144205,23.5694910065582
153,-4.01295934388762,47.7320065568778,17.5030011821114
154,-3.99566325949592,47.6516536800669,17.5843692894664
155,-3.37913402665213,46.2527862024743,18.4790512115224
156,-3.36424952009669,46.2202144056832,18.5580108806637
157,-3.25280913165607,45.6775988274832,19.1612722191828
158,-3.25477199762706,45.6844100913215,19.7005263690996
159,-3.26070690040872,45.7170461666179,21.1498204666757
160,-3.18406102607019,45.3942500806529,21.4820384503984
161,-3.02746101834569,44.1368529273909,21.9415798064395
162,-3.02155713657185,44.1053705499597,21.5923389117258
163,-2.67203102413027,42.1011342738573,19.3817064762446
164,-2.65221895264271,41.9698281555226,19.4761933584877
165,-2.65221895264271,36.4761194382266,19.5203394563845
166,-2.65418053455885,36.2659008065095,19.6361817369268
167,-4.35420133552206,36.5354945868396,19.1696278128785
168,-4.45217562194684,36.9597044677626,18.7424740701579
169,-4.45217562194684,36.7721951138238,18.9837983439536
170,-4.35250163954415,36.2660710301841,19.511887744039
171,-3.89328492348889,37.8319712410154,7.54397816501786
172,-3.8316342010953,37.5293540871598,7.8576676489402
173,-3.19846204268787,42.9974499494558,10.6015504704469
174,-3.18750560673853,43.009868382485,10.5779160034977
175,-3.10773956876352,45.7268689709638,10.9681032104601
176,-2.80699728088672,45.1608000179187,11.4032813458672
177,-2.79662513025199,45.1077756035797,11.441894350234
178,-2.37430874504451,45.65289906397,12.5725241963168
179,-2.37430874504451,45.651886134352,12.5724037091584
180,-2.37430874504451,45.6491495438217,12.5758084874857
181,-2.57023218768459,45.7091933379451,15.6265441668675
182,-2.57938083762129,44.3807895902342,15.6782302646626
183,-2.65055248991061,42.6985576908654,15.5581856152984
184,-2.65607638210191,42.7026617876141,15.4906360237717
185,-2.65607638210191,41.9533625569485,12.6635369688209
186,-2.64829346209694,41.4576493534738,12.4326367279726
187,-2.64829346209694,40.3083460464341,12.2761407816739
188,-2.6612606215869,40.1297153714481,12.1449092450732
189,-2.6749217867059,35.611396171456,12.74317873906
190,-2.73262840114685,34.9914637421252,12.7487323711511
191,-2.82129346245779,35.5366894943383,12.1483880644519
192,-2.82357610235869,35.5645592870773,12.0106033088234
193,-2.85710442335715,35.137399428619,11.9631026506932
194,-2.86031009063071,35.1461574382428,12.2183691011826
195,-3.16038511833114,34.8235827150089,13.0102294429771
196,-3.20116289668764,34.9740639876651,12.9541682986878
197,-3.32012566151704,35.4640258224477,14.8229529421072
198,-3.32534617796699,35.7314657361161,14.7918844409134
199,-3.32419806215751,35.7818376561221,14.7939908576845
200,-3.31310425944556,35.7447464806004,14.8394308691085
201,-2.74640738004326,38.9273647115082,12.3640039352193
202,-2.7311357839722,38.9224368578375,12.3104840098584
203,-2.72973220024734,39.6638571250316,12.2259243307774
204,-2.72970073452517,39.6643152541954,12.2803227936013
205,-2.78727866080781,39.9452694564641,15.6965177741724
206,-2.79596710695645,39.9519440886768,15.672912155028
207,-3.01744649871467,41.0661561680349,15.8911958960479
208,-3.02820988967112,41.106233503258,15.8484033339074
209,-3.02772414885393,41.7785978764283,15.9221900626856
210,-3.0268357612548,41.7351908037483,15.563712113165
211,-3.02682791634431,41.7630429752746,14.744193591073
212,-3.02618463329664,41.6611999057161,14.7719896314164
213,-3.02172075830226,38.716875902159,13.2968653634218
214,-3.02014568371571,38.6661101262912,13.1662256191185
215,-2.99443311651138,35.3875711332246,11.0664626173091
216,-2.99459034222981,34.5546426669842,10.9379959988198
217,-3.01555463703366,34.2164820539924,10.6328403272864
218,-3.2068107303952,35.0110657213654,9.01234484521873
219,-3.21311639528791,34.8671286577001,8.97924332233837
220,-3.21719426876438,34.3552986438022,8.9553920091483
221,-3.72486295846011,33.0146680557792,9.8526903322478
222,-3.72748714307209,33.0251265329756,9.85146960833087
223,-3.72486295846011,32.9562718688093,9.93624328201562
224,-3.66015091328889,32.9748637229797,9.34902937314093
225,-2.86505159048742,34.1679700884494,6.93233035533705
226,-2.85263650603452,34.520491456228,6.59354119932387
227,-2.67271958801581,42.2911836934721,7.54683539479807
228,-2.66110230357592,42.245743598852,7.58751253287154
229,-2.66110230357592,42.3226383601346,9.74977693468994
230,-2.67016100334373,42.4242063890716,10.0707455028242
231,-3.00436384969811,39.736520997754,12.1396531962326
232,-3.0172833438661,38.993030975807,12.2079768576108
233,-3.2879856445297,32.7789236044087,13.5804746382065
234,-3.30122992593118,32.8010590368817,14.0233710994707
235,-3.30122992593118,31.8899022131986,14.1460007427655
236,-3.30783954749181,31.916660261466,14.1200892638345
237,-3.4093143862007,32.4428345149475,12.2663307796396
238,-3.4116567729508,31.5667901180909,12.2375609430125
239,-3.40201827410965,30.8025520139933,10.6171277402119
240,-3.40369843021093,30.8041383515675,10.6161778445529
241,-3.40523512223131,30.7887047770988,10.6115246315917
242,-3.39074542621187,30.824684492438,10.0448159967703
243,-3.29231876321226,33.2528674556476,9.72014402128568
244,-3.28696322000464,33.4885158044982,9.62003089868672
245,-3.22206551087342,34.7706405823799,9.8932555694044
246,-3.22206551087342,34.9565099026768,10.2319581482563
247,-3.05655776286503,39.0565857266025,11.9293432342575
248,-3.04698144163685,39.0412514887336,12.0379159395703
249,-3.04877878982668,41.6615142663856,12.1496557670125
250,-3.04698144163685,42.4699325227579,12.2500185983554
251,-3.16341746279427,43.0124245994205,15.0831255086552
252,-3.1626541347694,42.9289897481355,15.1823548449988
253,-3.16167149629323,42.990173012031,15.1908245832384
254,-2.97726388071412,43.8713148018596,13.0064393217271
255,-2.95369827260831,43.9468816670932,12.9041811499744
256,-2.94834392208022,44.1498659048075,12.6686875157422
257,-2.4749398359119,41.8617878901338,10.5628815130117
258,-2.4586824793926,41.86095599047,10.5585792108188
259,-2.4586824793926,39.7446522453715,10.5636383139319
260,-2.46849632070606,39.6552544944356,10.7274189710176
261,-2.46927941789753,37.9435704862264,10.7207698027405
262,-2.46014551363963,37.9097621475827,10.7680001283047
263,-2.42794541499643,37.7319017283018,9.51984270188526
264,-2.42834809791382,37.6252460206514,9.4573422504519
265,-2.42834809791382,37.6370379669819,9.4517451377644
266,-2.51810651870898,37.0605775325176,10.5393506055997
267,-2.82754648848866,37.8905887545492,9.49503033374686
268,-2.82754648848866,37.8374184694927,9.55127424317222
269,-2.82754648848866,37.8413095830795,9.54392562570441
270,-2.80275934138139,37.7138497247887,8.55137307666179
271,-2.31149403376498,35.3020336981369,10.0637975069161
272,-2.23419455960033,33.581596973835,9.38056883139375
273,-2.23419455960033,32.0749333200002,9.21596942437474
274,-2.23861673012681,31.9587752876508,9.1389380800186
275,-2.237163796273,31.9594841480511,8.85485826475531
276,-2.23818394617317,31.9729390082477,8.65765079379633
277,-2.04190912028484,29.9285653892669,7.93723929106
278,-1.97965456258233,28.9148809012022,8.29470690281947
279,-1.97965456258233,27.455819442934,8.27426080152558
280,-2.04190912028484,27.7456992065781,8.06093368323321
281,-2.67636337407289,29.7196662578955,7.91432975046279
282,-2.68345030117188,29.7488445587187,7.89087069770733
283,-2.80233471226694,30.3479052490743,7.51799767606905
284,-2.9170739788011,30.9770301256749,7.88634368278687
285,-3.08070029023094,31.7945218455772,7.69188105948008
286,-3.15398506964127,32.2456467648173,7.44429187225106
287,-3.15292222839915,32.2399536548221,7.46845586799313
288,-3.14888514239653,32.4597600022374,7.49671335105808
289,-3.03182090819201,38.730493013101,8.15702907239978
290,-2.95513156171005,38.3761312105746,8.58025890539061
291,-2.95513156171005,40.2412425615514,8.61991271712621
292,-3.03922369863767,40.7935552982815,8.1895051468682
293,-3.20725338574854,42.1464107332039,9.68912825917885
294,-3.20785816299513,43.4397032825134,9.67720560277387
295,-3.20785816299513,44.6338596461033,9.67348446699062
296,-3.18837192392706,45.0051318924589,9.53894262507772
297,-2.80930996313411,43.7012341415802,11.0957113590914
298,-2.77036673970463,43.5721410116046,10.7655546888611
299,-2.77036673970463,43.5725694178894,10.7650472323939
300,-2.77100414314192,43.5496702856769,10.7619501460056
301,-3.08212164168189,41.5366678184554,9.14073449414755
302,-3.08415927944765,41.5217160726496,8.93535617947034
303,-3.09097432680954,35.3757580648855,7.21221570807656
304,-3.01864452847245,34.9728130392946,7.55960498389739
305,-2.52896473010451,32.4089473936063,6.66059171065538
306,-2.52896473010451,32.4057559866697,6.66108242437481
307,-2.52896473010451,29.4974661598638,6.66108242437481
308,-2.55464613270224,29.4756806972105,6.75863197730473
309,-3.29970127929828,31.2167023105095,5.26797782861069
310,-3.33194817703733,31.3774432352843,5.14942087016168
311,-3.33220057674319,31.3787516124274,5.62350593369507
312,-3.33220057674319,31.5433914745368,5.69948562066984
313,-3.31344847183847,36.3258498741527,5.87225420577122
314,-3.3158864079245,36.3776328021269,5.94754160263886
315,-3.16723031314732,40.3323716339218,7.07993540476003
316,-3.09494596404124,40.0383915202708,7.46731704554303
317,-3.05811899216613,44.6144712783133,7.59803108694732
318,-3.00870914495543,44.44711941812,7.96627407846619
319,-3.00055186701463,46.3219379888106,8.89236347630214
320,-2.99920348521397,46.3776604436184,9.04033732456592
321,-3.05037083458618,46.7479847041595,10.955206852983
322,-3.06078876746613,47.0589275989435,11.3299411814024
323,-3.19644440557121,47.9147910384104,13.3537881183615
324,-3.2296462666823,48.2991890271722,13.3490910334368
325,-3.39531524575459,50.5941303882061,12.6841228217916
326,-3.39762217708963,50.779428263631,12.7490844466188
327,-3.39762217708963,58.6588647727544,12.7601876513868
328,-3.33849153154842,58.3897751048775,12.9769043622363
329,-3.31927474998855,60.1736785496959,12.998110500617
330,-3.27685225016521,60.0095616498513,13.1758332801167
331,-3.27422722736442,66.010797137476,15.9072316278308
332,-3.27422722736442,66.1637935037037,16.5409718208559
333,-3.27422722736442,73.1152568737874,21.1906600147446
334,-3.45918398567814,75.2027563364867,20.4578197139661
335,-3.49217580174321,90.8709241092696,21.1434705949447
336,-3.5983609207073,91.8131062490113,21.8067229077419
337,-3.85774051488033,100.380325872086,70.8415130806132
338,-3.92106423139121,100.720887142283,70.6087901919591
339,-4.74477319510833,104.578229850579,66.2837847001205
340,-4.75571242127622,104.491736777177,66.2755531736107
341,-4.7453255568422,69.8801803213302,63.2730262354795
342,-4.73294115563069,69.8191643289611,63.2293762998239
343,-3.29168428691875,62.7172100510984,41.1005634547772
344,-3.26507743454584,62.6603801496872,40.8100503947598
345,-2.25263719716007,57.9941723166432,31.5256156743547
346,-2.25263719716007,58.0347558189085,31.3616897720706
347,-2.2830286529165,58.1835254326509,29.9007534089221
348,-2.4097355285347,58.762106513206,29.0375990276257
349,-3.90263004780235,49.4688499809703,16.0594996127497
350,-3.9155593672993,49.1305154002566,15.9262469652751
351,-3.9155593672993,49.145249959582,6.8090053367978
352,-3.90243849705614,49.4687807554495,6.80695968365545
353,-2.38378298987508,41.8213817737378,15.2868011374991
354,-2.36551120303464,41.344821226809,15.4081276762364
355,-2.36551120303464,40.9910201905429,17.5019297188639
356,-2.38615023953343,40.9581566537109,17.6675477057703
357,-3.29001045885996,45.3402591860363,20.143478375829
358,-3.29028230389052,45.3417595116126,20.1635381624056
359,-3.29028230389052,45.3931032041276,20.103469063955
360,-3.23583277571933,45.2593732216369,20.2671592361996
361,-2.82950526499974,43.4807435495995,22.0938215405636
362,-2.78508051082172,43.4482646273974,21.8103392640172
363,-2.72579622626156,43.1448317465468,21.1615497863104
364,-2.68583045341916,42.8866756591713,21.2823565237944
365,-2.65268209624646,42.4715624761825,18.6157547044039
366,-2.64090893888627,42.3921858920228,18.6787968744339
367,-2.47086186044709,41.3569236348093,17.4454933367891
368,-2.42976503390656,41.1022835091107,17.5080176620186
369,-2.40614242331748,40.9718977304063,16.1885284945695
370,-2.33270750611874,38.8238186345108,13.2878316648605
371,-2.33222835941379,38.7908313927517,13.1512015785175
372,-2.33165277457003,38.7873034646306,13.1259844144808
373,-2.33442733082302,34.4296060305963,10.8946528329884
374,-2.33680718764877,34.22194380553,10.8563083514851
375,-2.39727781842278,32.7014388777634,10.5123296754549
376,-2.42985798790716,32.9215707441791,10.2747317672161
377,-2.61665779583909,33.8972782316885,10.5742709212658
378,-2.65301976891428,34.0896942562618,10.4278804039847
379,-2.77315515017608,34.6916939411712,9.79221992240814
380,-2.84362399392348,34.8504282055748,9.45655786372378
381,-3.25467164845694,34.7498225248864,7.86334916009305
382,-3.38164326164892,34.9748532976198,7.23180417618807
383,-3.38164326164892,34.9766183826771,7.2384453204586
384,-3.25082995956304,34.6924831087251,7.80286903545186
385,-3.13348168236272,35.1565884847636,7.35891487961964
386,-3.11349010448372,35.155843391243,7.4644731629822
387,-3.04191596651186,37.1440918738832,7.82837929515499
388,-3.00397015258393,37.0620647966075,8.27229940692637
389,-2.92980821400494,37.8411110063414,9.216373336168
390,-2.90167660309798,38.02806510951,9.56284052831453
391,-2.58953821265059,38.3798914695939,11.2351892631236
392,-2.58949092336812,39.2001859057156,11.2319157901488
393,-2.58949092336812,39.27697775388,11.1121459957416
394,-2.58953821265059,40.5603764229338,11.1120494415061
395,-2.58953821265059,40.5585344070408,10.9571390040543
396,-2.58688509294402,40.5391456463567,10.8731613809232
397,-2.57762181357899,40.361799854912,10.5797347372791
398,-2.56288750946824,40.2755437761115,10.1305537752634
399,-2.51210107709122,39.6898883174461,9.13195144936063
400,-2.4954113392914,39.4356370913365,9.27591758026811
401,-2.40242898515071,38.9153345698273,8.67312594042174
402,-2.39261112691984,38.854090839071,8.67365790965068
403,-2.29373382096536,39.2843893158394,7.2740896719361
404,-2.23504915931675,39.0130153143354,7.48780053275962
405,-2.07346903022557,40.5696131677889,5.43282124929815
406,-1.99614712219047,40.3374047397229,5.58720288068106
407,-1.95635053069123,41.2828432828077,5.71803215223813
408,-1.91754429265335,41.1931287783948,5.85231952620958
409,-1.82155380295192,44.2873382483499,6.30321031376034
410,-1.75596677163016,43.9900216445857,6.64631639008916
411,-1.75374805904626,55.0187459588342,6.62625890687438
412,-1.75310002437068,55.7998089782266,6.63487208371673
413,-2.03395261231876,72.7037890972788,8.38081665150788
414,-2.19000121865001,73.513058518206,7.58192257706983
415,-2.7289617132675,78.0698102111631,12.5859555933
416,-2.7716978667595,78.4154186176927,21.0815037509046
417,-3.15254795709881,80.7758919890992,66.6095807925764
418,-3.18846203186159,81.9219310697464,66.2323760349073
419,-4.15317476005857,89.9971609690375,73.1277953746056
420,-4.18940720247514,98.857154195572,73.4575731884912
421,-4.18940720247514,98.7983637953608,73.5456984934097
422,-4.18682620734302,98.7839175205658,73.1260957369999
423,-4.17980772204508,72.9394169605593,57.14067053674
424,-3.35897163830721,64.1792955543623,55.8369609131782
425,-3.35438529702369,64.1131711100349,55.8383101147112
426,-3.34910517015628,64.3038294325128,55.5573314734141
427,-1.86142968363524,56.9187281614465,42.2818897298503
428,-1.85829066491252,56.966801244649,42.2097787713454
429,-0.987839615243321,55.721043712109,15.7610133744639
430,-0.988422924993889,55.7270192750711,15.6843359802108
431,-0.989109091590127,55.7015409707111,15.6848877995419
432,-1.02057684899446,54.9300487759913,15.5622878549618
433,-3.38810271034179,51.6200768078017,3.64439433194919
434,-3.42149606675426,51.3971350192702,3.53720413273276
435,-3.41578389938523,48.8545647981261,3.55882808078801
436,-3.38161305797777,48.6837540696026,3.44306722985195
437,-2.62010264417241,44.9776893632122,7.47347192805608
438,-2.6135089911311,45.1651728898811,7.4134715618284
439,-2.3859984238281,46.1346877855076,10.035653563614
440,-2.33972661423905,46.0158643234368,10.4430850690164
441,-2.23094299722919,45.6644085708716,10.9918473621738
442,-2.15587845926657,45.5218587516029,11.1772383869994
443,-1.81274324271164,47.1549958223573,13.0248342808801
444,-1.81265217445612,47.1545076981072,13.2106515759163
445,-1.81072049967867,47.0784736284486,13.957614509856
446,-1.87662798785547,47.3319856759759,13.8802546948045
447,-2.33650686650394,41.7421026372327,11.9112443255455
448,-2.33674735894757,41.5936539758583,11.9101183560687
449,-2.34582120821889,41.6359996416896,11.1617270099944
450,-2.30091958578826,41.6377787636956,11.2071907038782
451,-1.16618220734006,37.9059394580091,12.1260526484937
452,-1.16629490802061,37.9180761562065,12.0343016847041
453,-1.16800711832685,37.9276955520056,12.0230898513505
454,-1.85498805342658,41.4032630167028,8.43059178965756
455,-1.85920958481427,40.5731048013687,8.74852566682017
456,-2.01576455015841,40.3945351506151,9.36526302666565
457,-2.04742211041991,40.4549389280189,9.24733539838789
458,-2.89603091489432,43.7083274720974,9.23277559246729
459,-2.91063197685324,43.7291943468384,9.22468077170184
460,-2.9347472634584,43.6784126084047,9.21802158339839
461,-3.13584750085785,43.8738690813656,12.5295163722694
462,-3.12866627784489,43.7736819544189,12.6139312256828
463,-3.12808381560465,43.7580244747228,12.9115733950032
464,-3.0454612556137,43.4447195514742,13.2637649317355
465,-2.62479662211059,45.0186780580638,15.1494062186341
466,-2.59408929961738,44.9851403925911,15.1893291315263
467,-2.03065627935649,47.8299124494039,16.7278661045388
468,-2.02728446512349,47.9850002426303,16.4360695704997
469,-1.88103267352747,51.8781328122543,17.0553264955441
470,-1.82242240895704,51.8684205479263,17.2140332759287
471,-1.80495604079507,54.6462681308267,17.2424932650126
472,-1.80495604079507,54.7263091126714,17.0221351668328
473,-1.82242240895704,59.2614876918368,16.9308398015623
474,-1.86539640117348,59.5579337244355,16.6962547355693
475,-1.95409301874316,60.7055562312572,17.3471386000081
476,-2.08092202405015,61.5987596025797,16.9847719353046
477,-2.07961787397017,61.3882335076293,18.1164818194972
478,-2.03460062692433,61.092051842472,18.4499509357017
479,-2.03419252007345,61.09038430499,18.4517024858558
480,-2.02635658173131,61.0846143272672,18.1153354050175
481,-1.86388745422224,61.7556999079004,18.3187684884799
482,-1.79858101958379,61.5664591993987,18.5163948641216
483,-1.4376460888026,63.0401937630053,18.7765223797669
484,-1.41609698559335,63.5305258954218,18.5980778660344
485,-1.42425723696766,74.6742011189089,18.5387551454658
486,-1.4251363149784,76.1479707148325,18.5356883456237
487,-1.75514247546878,98.2206197220299,35.4427406636376
488,-1.77431912817823,98.3090097663205,36.3569094509297
489,-3.09066088078686,121.846667278215,84.7128416222733
490,-3.10419431849096,122.13906657398,84.937972762615
491,-3.70117154264369,124.67639608492,82.1977999184137
492,-3.73033313860044,124.763911262765,82.1401001269684
493,-4.12939107860434,75.8583852458605,53.0143482417697
494,-4.13410964812339,75.870453805503,52.8116634410367
495,-4.14002430849683,73.1528613426481,52.7367810817804
496,-2.47925483764979,64.915893243569,36.2140883880196
497,-2.46365941552708,64.822864871229,36.2148197882082
498,-2.45748645844188,64.792414455481,35.9423610157256
499,-2.45329371897031,64.3404946376343,36.3215850500504
500,-2.44787934154425,63.900472273574,36.2601454719166
501,-4.47649827876909,64.7902745012201,35.2064409101521
502,-4.47765170012773,64.1161833750302,39.2607685004899
503,-4.47075196648551,59.9140102185121,39.2896911047208
504,-4.46993861789172,59.9109652411574,39.1415629401184
505,-3.87562915813734,56.6390876495419,36.03381852479
506,-3.86664850631939,56.580895369054,35.9464613679231
507,-3.49618861107155,53.434240342837,18.9538751200171
508,-3.49527403916715,53.7082282203451,18.513633974548
509,-3.2739761996793,43.5662116434518,19.1219396345405
510,-3.2739761996793,42.9394504327219,19.161043118651
511,-3.27155183491242,43.1009881780333,16.6334372278475
512,-3.22630330370104,42.8863082083833,16.4450358579534
513,-2.24367896049594,43.6784347766854,12.203410864517
514,-2.23009674080228,43.6833663910418,12.2140253650331
515,-2.21672582166908,43.6046326888828,12.2976502443226
516,-2.21194061254842,43.5028368741632,12.3272801738666
517,-2.22820465729072,34.9138838557847,11.5352184110998
518,-2.23302498033751,34.9138693982241,11.7080840848473
519,-2.23302498033751,34.9247576351418,11.7078413207911
520,-2.17124387515561,35.6931202315565,11.8815912547182
521,-1.53204761821647,38.3485754493748,12.7799099532634
522,-1.53204761821647,38.3527773257728,12.2390794064012
523,-1.53204761821647,38.7432234306447,11.7938192701988
524,-1.59285222360616,38.8021436076189,11.9375553514142
525,-2.05448872635428,41.0754712908742,15.9543163187532
526,-2.05630686902403,41.0648325252622,16.0170167460948
527,-2.06829975138561,40.9702590243686,16.2849080339555
528,-2.06819658540292,40.0782808582783,16.3195818445214
529,-2.06819658540292,39.9216822846139,17.8045224491629
530,-2.15749803594669,40.2337608122562,17.7827647558455
531,-2.81684831720032,43.502846039887,18.9588368972016
532,-2.82815439608766,43.5528801755497,18.9073276267172
533,-2.82815439608766,43.3709739434952,19.3094009863516
534,-2.82815439608766,43.7536120100011,19.0710241140536
535,-2.41519147444765,45.9354563817524,18.9707411340363
536,-2.40784264334956,45.918991413729,18.9700014148002
537,-2.37953324123667,48.520461021734,18.9722728054457
538,-2.36922693865512,48.6274297943545,18.999964557802
539,-2.09132079757986,47.7392171257951,20.1697336295013
540,-2.0447361970774,48.5217004928859,20.1421971048586
541,-1.1716781078327,48.8373185037169,19.5544669974424
542,-1.17202123520479,48.9129025966537,19.465429317378
543,-1.17202123520479,49.0871137900055,19.4652855750465
544,-1.19291866093964,49.2943624253959,19.40236668389
545,-1.26082308360628,50.2717171577064,19.2507247831709
546,-1.26461906972382,50.2204082558005,19.3676027647169
547,-1.36454450150883,50.5425341723229,19.6210653041166
548,-1.4899453428634,51.0756007155658,19.2371013263285
549,-2.189425642083,53.2786053193129,20.7244222917779
550,-2.20032521601093,53.1402251980693,20.9155756047954
551,-2.20032521601093,52.9586258699682,21.1290580933193
552,-2.20032521601093,52.98392017188,21.1185638472149
553,-1.99885031508663,58.1343126808466,16.9102416732652
554,-1.97370927529887,58.4999606438334,16.754041700273
555,-1.65189356477989,60.9438522953683,16.1626320407822
556,-1.64276198277327,61.3185747507002,16.0181237582236
557,-1.39445556298617,67.0476864211084,16.8656571817285
558,-1.36986155203438,67.115144616727,16.8249773011515
559,-1.37047424480084,68.682962943529,16.4766655240348
560,-1.37113234152996,68.9465291710921,16.7858734248102
561,-1.95534524692129,71.7982696936211,16.2221927083344
562,-2.0616428398205,72.2816296960678,16.0402852130924
563,-2.36168466584109,93.3831317228152,56.8531235449343
564,-4.04559274986798,100.957597056467,71.01061225153
565,-4.04409625956154,100.900156901492,71.1340025772283
566,-4.05573355069802,100.903978082665,71.0885109640575
567,-4.06014379926432,80.8130332941264,71.2056280290424
568,-4.07759797560917,80.9832434633154,49.6096403949842
569,-4.07759797560917,80.9609097583159,49.5989399548388
570,-4.07059798155753,80.8652071071773,49.4760325024144
571,-3.95288088072597,66.3905723028592,35.3301198111921
572,-3.95253049543295,66.4823211073576,35.1872128454542
573,-3.63734430308314,47.186704771935,35.8698737975725
574,-3.63734430308314,47.2923376006706,35.0896688961749
575,-2.86325745323969,43.4024839397466,27.1010041809482
576,-2.85620041703545,43.8171556317464,26.8209725967631
577,-0.193518545186901,36.6119471484261,17.0129757330294
578,-0.173676712761828,36.6757129926098,16.9120758244052
579,-0.173676712761828,36.6757129926098,16.9120758244052
580,-0.193518545186901,36.365988651371,17.5999976437524
581,-2.09312410178904,39.0183504209651,18.0660181220389
582,-2.14752146459118,39.1618375179085,18.3706617967292
583,-2.2729991044976,35.3790395041822,18.0142764697635
584,-2.27284227464794,35.1492644963712,17.6041054157208
585,-2.26652012577236,35.1130683416342,15.0116602806236
586,-2.2651798872912,35.3031434271769,14.558289513301
587,-2.07443774409124,34.5736953059458,15.5788390790359
588,-2.0754148132517,34.5837348733805,15.5677921423635
589,-2.07824645111373,34.7412698508476,17.1854358386968
590,-2.13124034166951,35.2119084524126,17.0493951569755
591,-2.53174254376652,37.8461908136985,15.6461186172543
592,-2.53174254376652,38.091710511554,15.8610066598532
593,-2.53174254376652,38.399087619221,15.8621829886784
594,-2.52020275383533,38.7290180751781,15.9009331601795
595,-2.19880574295563,39.5917936259323,15.9389528684848
596,-1.8616531691675,39.766303135728,17.604597331991
597,-1.84935439492809,39.795376281422,17.6641302842277
598,-1.81717257794044,39.8419910610883,17.8580867477495
599,-1.82785551190525,39.7949111739393,20.2058611448593
600,-1.8283332630123,39.7940962526152,20.2527780714046
601,-2.26622243454476,39.1847781679033,22.9323403576151
602,-2.28034523006085,39.0766597196525,23.2992619879423
603,-3.15143126027479,35.7218894356391,18.797948053728
604,-3.1470708456694,35.7047887733179,18.8146510324949
605,-3.14683762297435,35.7147924691752,16.594588603991
606,-3.10997538945338,36.0228490092661,16.4634040509143
607,-2.15131675804151,37.6790443795175,10.5473247285508
608,-2.1464885337956,37.8971160564679,10.5123846833637
609,-1.86940752153837,36.4820409123,9.52345075275692
610,-1.87326555406693,36.3072638350751,9.49460840494717
611,-1.87379907886959,35.0866092931129,9.4900876511595
612,-1.94089074300003,35.411634240456,9.27202772262875
613,-1.95451085996366,35.4795485031679,9.22589104770242
614,-1.97534919829518,35.513830569335,10.7386229931818
615,-2.27032129108512,36.9916357724402,11.6876788849102
616,-2.30307909724314,37.2977605428172,11.7076863864505
617,-2.7001282285994,39.7519422759952,12.5393140939783
618,-2.73680939999631,40.0935816900259,12.478534010846
619,-2.75925463515312,40.0785434767883,13.1274166106391
620,-2.81252354381163,40.3503604129088,13.231239886783
621,-2.93416722529324,41.0664149005641,15.7955115199807
622,-2.9457148398232,41.2125554597365,15.7469000144327
623,-2.9457148398232,41.3468546865057,15.7723601597172
624,-2.92901856582625,41.7972764353111,15.792446236014
625,-1.99164880816176,39.1384180650077,12.8585410671383
626,-1.98193606897176,39.1792477963958,12.734756367177
627,-1.98213432230947,39.3216704675126,12.5516227352151
628,-1.98249716914995,39.4707761049,12.4485524221736
629,-2.3042200183107,34.6693982769666,14.0480939466051
630,-2.31996269872326,34.7208141391106,14.5977919702154
631,-2.51592741496964,34.1276962355253,13.4555022151811
632,-2.51617514006757,34.1098985692427,13.3307675551615
633,-2.59242936321157,34.2052343560695,14.4586703814686
634,-2.64940062221021,34.2209710229102,14.791246405077
635,-3.52020449203918,38.6484473234655,10.6875462224691
636,-3.52073152348743,38.9471546011991,10.6843558018983
637,-3.52073152348743,42.5830860406902,10.8588104209749
638,-3.41560765902247,42.5685190920099,10.9605727901843
639,-3.41745101326209,43.8405066630448,10.9805077012416
640,-3.41892074146586,43.8456450811789,10.9951905271329
641,-3.43903116828947,43.7254092100175,14.4475911831121
642,-3.43903116828947,43.722969094929,14.5549003526707
643,-3.43592619291563,45.7046238484149,14.7561538364816
644,-3.34652430623817,46.2457108970822,15.1765133612164
645,-2.49037700630312,44.2655585355784,16.6217034138883
646,-2.47979135502647,44.4778316188881,16.4825706125781
647,-2.06242836671429,45.3841807474086,17.0336077357702
648,-2.01089807124059,45.3541233005978,16.9765115908462
649,-1.87548960147205,46.9680596224984,17.6103207699771
650,-1.77133128900416,46.6938864515914,17.969138410577
651,-1.49305147460174,47.128315145823,19.4854112215897
652,-1.49305147460174,47.3670733147121,19.6397785347368
653,-1.49305147460174,47.6561095467645,19.9939992768517
654,-1.50526460732635,47.7809101599189,20.4556094282263
655,-1.60421505354323,48.3504847608139,20.7278161619036
656,-1.63621588048474,48.4134274641409,20.7422338768753
657,-1.70656047162503,48.468685993985,21.5661345350079
658,-2.46663160011775,50.7322074684368,21.7469053383632
659,-2.62103043259994,51.2902762132579,22.041981642662
660,-2.61738173611498,51.0935807601001,22.5230396753582
661,-2.61670185637071,51.0920591066224,22.5450420129533
662,-2.42117622143767,52.7091551460702,23.617477134735
663,-2.41620948806109,52.8504581200492,23.5632717989902
664,-2.41351033177326,52.9576089684006,23.484719989654
665,-2.20422157496146,52.3613451947584,23.9036579157021
666,-2.20611191740413,52.4722692402458,23.7573005221028
667,-2.20488269920709,52.8115360494353,23.5917599094685
668,-2.18238941878311,52.892906477589,23.5639247423261
669,-1.96448222665544,52.1805194154448,23.7507897917286
670,-1.89247244463939,51.9449556555332,23.7171571857587
671,-1.89247244463939,52.0579813244373,23.5842053905099
672,-1.89247244463939,52.1721102331555,23.4658615598845
673,-2.16969379571964,52.9669543407904,24.6518322812026
674,-2.18924144504625,53.0639658470696,24.5474343253406
675,-2.29904113513691,53.464927878362,24.1524498705968
676,-2.3606329095493,53.7446871078042,23.852572279192
677,-2.36372617124733,54.3688436449522,23.9784847841887
678,-2.40151570413235,55.3296811775342,23.9065576105107
679,-2.99939219464537,60.1673848024132,25.0349079614604
680,-3.05409854970161,60.4201463666381,24.8970182298982
681,-3.06323398144889,66.4244010293611,27.7262346193437
682,-3.01744312186939,66.3119377770389,28.0742010271453
683,-3.17863826476463,105.037052464715,67.0906547161487
684,-3.17863826476463,105.56839783521,67.49416343916
685,-3.14657486022498,105.422221643445,73.8015187446111
686,-3.15454456930476,105.541982173186,73.7086954370371
687,-4.19735924294562,85.1850077778366,68.2184128558483
688,-4.19898436890157,85.1241544558461,67.1429670406296
689,-4.262581868087,85.4385095180722,66.9669714471333
690,-4.25087689718649,85.3836845112936,67.0472776814574
691,-2.92690478871005,93.2342445630354,75.5737983772801
692,-2.88352790819767,93.0255509585545,75.9689077304243
693,-2.86986610633942,93.3639482301867,85.614843976396
694,-2.90895116384442,93.5057411335021,85.6230656346515
695,-3.82423527953081,99.279575863605,88.0052681437667
696,-3.82423527953081,99.2891154375479,88.1450711941048
697,-3.82423527953081,106.26607098829,128.342429250343
698,-3.81875473043951,106.203042509437,128.893235518129
699,-3.83538397344902,106.274181224512,128.820265889832
700,-3.84041572616535,105.472481468386,128.798866574329
701,-3.90611514600185,62.9605012151603,97.4409290338507
702,-3.90696876382738,63.03070308643,96.1668668547946
703,-3.91590929237945,61.574799260899,53.4107086059214
704,-2.288722027419,53.1246858005711,31.8323574845273
705,-2.288722027419,53.1234564078811,31.830178753668
706,-2.28848168195526,53.1204313439725,31.8316322739758
707,-2.94444829443892,48.1554732779888,28.2904879122487
708,-2.9446453318567,48.1590137974808,28.3047728572757
709,-3.96253297513855,42.8253031000821,20.3705918586013
710,-3.96253297513855,42.7670794513904,20.4137528296704
711,-3.96081846801506,42.5790112937532,20.6205579028509
712,-3.9385903600521,42.6248762309312,20.6111332849574
713,-3.89353483285525,46.8660877632273,19.6536363147721
714,-3.78678812084924,46.6654078434824,20.1304711646297
715,-2.96661242567664,44.5840604144703,24.7575664714901
716,-2.94375616864343,44.4215132151066,25.0633205346862
717,-2.74287679400826,43.2813697510612,26.4056275940995
718,-2.74580565428929,43.284513368225,26.4323510165296
719,-2.74882728137785,43.2111315609614,26.7866488785732
720,-2.75474573786806,43.1992191126891,27.1245002272785
721,-3.83127818533004,40.7713908436822,22.4911011774018
722,-3.84176683088073,39.3009069509606,22.4301583815023
723,-3.84176683088073,39.4986701569006,22.2354551068233
724,-3.81723155014546,41.0291182455375,21.5289412608345
725,-2.75084516651875,38.0690830509161,21.7699283511717
726,-2.73945307155012,38.0373383183214,21.7953117545328
727,-2.73945307155012,38.0373383183214,21.7953117545328
728,-2.73945307155012,38.0373383183214,21.8114626730809
729,-3.92121094152171,33.9490847032217,23.6153861395555
730,-3.93598023257441,33.8591379227338,24.419564306436
731,-4.16450943098354,34.691116954684,23.5973077575345
732,-4.16983464035053,34.7455902537146,23.572877991441
733,-4.18763279981739,36.1864637014621,17.3927845722495
734,-4.17743473622075,36.4660988846292,17.2375543647614
735,-3.48709414238489,36.7493060634861,18.9773066799305
736,-3.4911472616292,36.8390228813376,18.8498658282436
737,-3.49879424507237,36.8772833627571,18.811385607239
738,-3.52982657684288,37.0358849300393,18.7088612787572
739,-3.59445920090129,37.3788754976464,20.0643723510272
740,-3.60867421344696,38.0875972766816,20.2217301135024
741,-3.60867421344696,38.098021257775,20.2235324707708
742,-3.60416501783615,38.1115310270957,20.2124812921343
743,-3.01689124856578,42.6338777528959,22.5948091599937
744,-3.00844795038473,42.7146554080552,21.775608138429
745,-2.09604801502129,41.9200396529078,23.3629863076145
746,-2.08808637066448,41.9336218103055,23.3942932878638
747,-1.79361862975018,43.2862521130077,23.3680977991614
748,-1.7276673476385,42.9775247773612,23.6928603224914
749,-1.7276673476385,42.9770068745812,23.693492708295
750,-1.79435604798825,43.1183376597631,23.8656999403069
751,-2.11719777540571,39.5025117854995,22.1527097635685
752,-2.19964082583938,39.9012732114971,21.7092435321607
753,-2.28458097545972,38.7086184484832,21.2229870753383
754,-2.3274137578704,38.8574800081863,21.0154065521447
755,-3.0925153995659,40.5569599596804,17.8278247398899
756,-3.10566835185724,39.7502415950431,18.4105334941603
757,-3.78748764915514,37.055586991384,17.3294480300378
758,-3.79246176461707,36.6223999801246,17.4311943816999
759,-3.80074044817731,36.5914054683064,17.4592336173032
760,-3.81369173048478,36.9333764777318,17.2758174918843
761,-3.72663074149318,42.9084182410625,15.539980658733
762,-3.63082183885696,42.472439335706,16.0212386903428
763,-3.44805729778963,48.2990446187464,16.8424556457827
764,-3.2790796431028,47.6185257683271,17.6142784234344
765,-3.09626506700276,50.7786828764257,18.37052613079
766,-2.98328477314625,50.4769984137467,18.6808393081117
767,-2.98328477314625,51.9001476815798,18.8226836879668
768,-3.09645466238347,52.4954568626751,18.6276264663604
769,-3.09643613272135,52.323465043587,23.1869755536436
770,-2.99000167680959,51.5975945921372,23.971413898686
771,-2.97390443324397,51.2741324771403,24.4152161179288
772,-2.8393920478224,50.6213359485114,25.0633032210971
773,0.702470711582689,112.998973153784,43.7086462309999
774,0.735680198088278,113.060484962766,43.777482491033
775,1.45799108013587,114.051865724263,67.7708614674961
776,1.4611303566155,114.07594025338,79.6270605350727
777,1.46150473163515,114.091555125268,80.0319925894509
778,1.30096919261282,55.4784789049172,79.3214982783484
779,1.29971660857532,54.7264756223226,79.1814641135424
780,1.28103275659829,54.7440044811424,79.0934060017336
781,0.645419245415599,57.5117470398639,61.6161086311567
782,0.640692807292728,57.352387930213,61.6217289434832
783,-0.136841865468664,60.1190765360459,56.3699818925391
784,-0.182901829952383,59.5168529044411,56.4763523145962
785,-0.583361874500696,61.4032897891249,54.494351637416
786,-0.673525204633924,61.6111572884153,53.7952214636749
787,-0.820054123843845,58.5947741117323,53.0638992726742
788,-0.976022412220834,58.6815856880511,52.6444964383093
789,-2.29073020511044,48.4852806475121,39.50245916651
790,-2.36066574128568,48.8292214526439,39.1496433823398
791,-2.8053463751011,45.7749079317941,40.5386161674908
792,-2.81609164092924,45.6914206358071,40.4795182384468
793,-2.81590271938998,41.2936428273018,40.1910847004715
794,-2.81590271938998,41.3183329851327,40.0765242706766
795,-3.51746016975952,40.1657675819478,36.3402809451471
796,-3.51858651378121,40.1405145016105,36.3075561474138
797,-3.51858651378121,40.1441550853177,24.6648014052219
798,-3.51858651378121,40.2350422552508,24.5296406023829
799,-2.33309262566382,38.9296458752104,26.5275117343071
800,-2.3181057892282,38.9335525809796,25.8099496139335
801,-2.31446927850842,38.9130741559648,25.8315268576458
802,-2.30839147278173,38.5773301727292,26.5658500132462
803,-4.61826518751747,34.5940788070159,32.4368284185506
804,-4.65358154983956,34.3492652775071,34.2626317612649
805,-5.96597067959675,37.6117808577551,27.5295028744462
806,-5.96597067959675,37.5912382474716,27.7090856508271
807,-6.02298150014383,37.8676636337727,26.9400371397953
808,-5.8670698092678,37.4787885040059,27.7508372373021
809,-3.70152487469646,35.372765355101,20.8122704109313
810,-3.67852820248312,35.2948272765223,20.7879752635644
811,-3.58305153026763,35.4509659422748,19.8384830530235
812,-3.59282713661256,35.6641245661424,19.4684460330925
813,-3.59629056956595,35.6530337710409,19.1456827934617
814,-3.58276254429492,35.5746089177396,19.1178005200935
815,-3.60411255435158,36.4526663376427,18.0570863605179
816,-3.65361360155783,36.63857550536,17.817173025594
817,-3.58475450121456,36.2397224522157,18.0490777239701
818,-3.46046663566237,35.6020086546441,18.5278896446927
819,-3.36007722453139,35.0294939938046,17.4053576921348
820,-3.35940487018543,35.6570115823702,17.2833410065794
821,-2.54443453270044,35.3980535579127,17.1467600525361
822,-2.54415682330357,35.4239805375623,17.1118502742021
823,-2.54898196994009,35.4616225127389,17.0882605366308
824,-2.55304842472791,35.5229904742073,17.0150338564285
825,-3.18438366181724,31.6940061345108,18.0939185469214
826,-3.19266441962907,31.6799268802157,18.3272299880605
827,-3.23155701049969,31.8601782069872,18.1234717111657
828,-3.23225822168226,31.8963007765117,18.0787087514745
829,-3.2432908186508,33.3134801254049,15.6976068654817
830,-3.2384482653643,33.5962326542479,14.9747099750547
831,-3.13690580190065,33.4689285207568,15.0317184261057
832,-3.10067157646914,33.2858463851653,15.2418351563738
833,-3.10067157646914,30.8019635093876,15.7116037986332
834,-3.13690580190065,30.8966952760942,15.7078109703119
835,-3.54477692077239,32.0386373263105,15.9331624291313
836,-3.57045809322581,31.9852819037001,16.0674602896399
837,-3.65787672235525,32.0486606613484,16.4089775543102
838,-3.69493609407053,31.7735166233014,16.4514307859532
839,-3.88405904858628,32.5529114332801,15.6700812690632
840,-3.88405904858628,32.5257583399215,15.6206510928486
841,-3.88143519105673,33.6810054041757,14.8676852813645
842,-3.81315872009335,33.3654330909808,15.1160453852316
843,-3.38804952544948,32.2808605478156,14.1237842093939
844,-3.38804952544948,32.6947986546635,13.8754623422668
845,-3.38804952544948,32.7212894593259,13.846457575677
846,-3.43000240920726,32.7163544785277,14.1029766654965
847,-3.43636184575516,32.7384418353812,14.3691183878801
848,-3.43852584177235,32.7912917265221,14.3042025938299
849,-3.3137963951899,32.0982253278924,14.9865143970218
850,-3.30694907090437,32.2935659778774,14.8648152672034
851,-3.30744987716711,32.3767264535115,14.7612257877598
852,-3.31649556399383,32.4226599120111,14.7208487449989
853,-3.60537060189715,34.5647578118694,13.9392566193284
854,-3.60949516433895,34.5717312047065,13.9411127259106
855,-3.56195125267748,33.726298431553,14.533205979215
856,-3.55714677548479,34.646234279229,13.0123639450325
857,-0.437325609183216,68.317201030212,16.842136288868
858,-0.353054653355928,67.8883009935319,17.2560638679975
859,-0.218158036165328,67.2474202592847,17.9807682465468
860,-0.171664408687614,67.0115130599443,18.3475372714481
861,0.150206652719458,58.972550130876,21.5172021708206
862,0.151744774222867,58.7535811046485,23.6342229469483
863,0.340167539382152,51.9686135989624,24.3432101684324
864,0.340167539382152,51.8892489955123,24.24963054831
865,0.341347122439023,48.3815049119209,35.1565821862011
866,0.304249625702022,48.0155202263439,34.8221267231368
867,-0.318884157687003,50.3048351630173,33.9523328577412
868,-0.381951476721243,50.6285550774516,33.5879432122085
869,-1.196277440244,52.2414091023765,29.1199410615057
870,-1.20237466902183,52.24865058173,29.0497094161305
871,-1.34750308088677,44.2494308989464,28.2775643655097
872,-1.36159132733345,44.3154418007936,28.2032563776877
873,-4.35511108193277,35.4213636480407,30.8760612352217
874,-4.38064115206507,35.1192812591629,30.821003235572
875,-5.48691757890664,40.3214627995321,32.9957734988424
876,-5.48676271762828,40.727488428628,32.9958304998633
877,-5.48593917123307,40.8833300950856,33.16768388119
878,-5.48387482797532,40.4915970050555,33.1645235956085
879,-5.48096501315266,40.5171244546283,33.1236793989484
880,-5.47938843234345,40.3064017863611,33.5601438204455
881,-5.72608235171781,36.4014770853461,32.2099076725671
882,-5.73577837343488,36.4529937838342,32.1231329502936
883,-5.69134793747318,36.0771192396627,27.5724785216834
884,-5.67618567453248,36.1957548586531,27.584110351013
885,-2.54532000133392,36.7031576481658,22.1617509208244
886,-2.52255256082939,36.8554334895745,21.9940229950465
887,-2.52255256082939,37.1700164166884,21.5739912374717
888,-2.54532000133392,37.2053453707692,22.4114330469199
889,-3.845241919694,38.2715247644596,20.8822461888518
890,-3.85517814043271,38.260923308247,20.8633245590286
891,-3.86706855948793,38.1862136283352,20.9691977899561
892,-3.86762969104926,38.1029821108215,20.9675845434895
893,-3.86762969104926,39.0143309864497,17.4329504687342
894,-3.846284142871,38.886822622141,17.5378445295872
895,-3.50942739919586,36.9024033033034,19.6195879459789
896,-3.46524028700549,35.877482183386,20.0188661699989
897,-3.46524028700549,35.3030113237828,21.4257256765482
898,-3.46524028700549,35.1766987531997,21.5285537322571
899,-3.51500650936384,35.335131993135,21.3130975650507
900,-3.52609905171422,35.1868563467924,21.2693649462458
901,-3.52609905171422,35.183333970243,21.2695813155113
902,-3.52300376745773,35.1700517129602,21.2582738372862
903,-2.99435330088463,34.1073833230859,18.7905157063081
904,-2.9829529262891,36.6127914848019,18.569410060539
905,-2.22856564377734,33.6640169897474,18.8143214358308
906,-2.20600467004589,33.9299321417347,18.8259132851721
907,-2.20600467004589,34.341104074028,18.3220156402704
908,-2.24576593216496,34.1931142420881,18.1852533672881
909,-3.57865328709404,33.8386667606518,19.7482573839285
910,-3.58733177982799,33.7630892373099,19.8079315495892
911,-4.73684349820805,36.4039403042977,23.6316017780839
912,-4.73513684475497,36.1422004659704,23.6900417622296
913,-4.73513684475497,35.8519898617273,24.0710778978655
914,-4.67602504303608,35.6476777348416,23.2448558417225
915,-3.81429709448316,34.9617454978691,22.2593756260536
916,-3.80999284452056,34.8489474538689,22.4027754706272
917,-3.80999284452056,34.8504232355145,22.3681937151963
918,-3.81938281100101,34.8428293132035,22.2834049738656
919,-3.81061380613004,34.7994483446644,22.0428827594719
920,-3.81188927554601,34.8298651867815,21.7809022570165
921,-3.46425833692415,33.5907902281822,19.1290486813295
922,-3.46108406179578,33.8571109912823,19.0369172354527
923,-2.68602052596408,34.4817972872382,19.9281468437137
924,-2.68603058814472,34.5246127702225,19.904779286521
925,-2.65113223063809,34.4693882508059,19.4437367207227
926,-2.6129289349909,34.4766019722091,19.1978200935163
927,-2.53121974790286,34.8814559233476,19.6121232324156
928,-2.50894948327903,35.3419760517825,19.6913895112621
929,-2.49603627124516,36.5318690915284,19.792059260225
930,-2.49502048057523,36.5257940741612,20.0717495227663
931,-2.79322297208853,37.8441885569452,20.02702673002
932,-2.80669027575659,37.5054465886386,20.0684783341706
933,-3.35929509199712,34.7922047737844,18.7988514450797
934,-3.36879326386439,33.907381277255,18.89305237878
935,-3.37118942071445,33.9190211559606,18.8808249928215
936,-3.37209622908932,33.9234924871674,18.8671672644401
937,-3.33654098647559,34.2386097976647,17.7022513206565
938,-3.33517501127257,34.4178028035708,17.6513323634974
939,-2.36141887809918,46.649999927947,5.97227606948907
940,-2.36093026350696,46.7834807924164,5.94283440951716
941,0.667747940346858,60.5422074139922,16.0572981436592
942,0.80395592840209,60.2252392683709,16.5973614355463
943,1.94646031552961,59.0924659920967,22.0560592473691
944,1.95979859135304,59.2927741662428,22.0651955323409
945,1.97018532755018,59.2515448931535,22.1663248644677
946,1.96389052791451,59.2776365442856,22.1332015055928
947,0.948866569427614,44.2360180658477,34.0878458663189
948,0.948157204265568,44.1211014507854,34.1439496496998
949,0.395755272090919,43.4571110897958,31.4474307321312
950,0.291629628434629,43.8861949247578,31.3100312042058
951,0.0210256599891591,29.9177817230626,38.4200305899723
952,-2.21891685214189,40.9009371121614,27.4505012122723
953,-2.21856805719337,40.8657119091921,27.5003674738776
954,-2.21856805719337,40.8981301589665,27.5456291120541
955,-1.9416001582363,47.502496124512,26.1915588086648
956,-1.8114423579223,47.2551511762928,25.7633236400066
957,0.620699055222565,48.0743105997166,16.8854067544948
958,0.63379358259452,48.1366716487508,16.9093536383989
959,0.63379358259452,48.3200292273177,16.6162487264784
960,0.621076344490736,48.4266121644727,16.4942425823602
961,-0.298113607981449,38.0746057864507,24.5887352766865
962,-0.318318752869891,37.9442075815013,24.5960443647997
963,-1.79965220325716,37.3385517759047,31.4314095774627
964,-1.85366102097423,37.6099824707838,31.2059137517029
965,-2.4499616152991,38.9121218170876,29.5195475307153
966,-2.50382906803505,39.0675598988426,29.5138221940098
967,-3.21212988242951,39.4428952771199,28.7748519723738
968,-3.24989311298113,39.353967517354,28.9876738698269
969,-3.72516699991695,38.4726006905271,29.3297003113852
970,-3.73704882749112,38.4217752434117,29.4763611604101
971,-4.72705962105169,42.1053331916471,26.672149111713
972,-4.75596298595322,42.197195277871,26.5488751466869
973,-5.01574149947265,41.9392802256973,27.8845872625237
974,-5.03153701461781,41.6688277585828,27.9090705493984
975,-5.03153701461781,41.668390410517,27.9740720633044
976,-5.0069142097114,41.5066017680417,28.1271436824037
977,-4.59728453383114,42.5312391095794,27.362802177561
978,-4.53499591160154,42.3408478266039,27.2015458962767
979,-3.79899249755947,42.3552766233204,23.3778412086915
980,-3.80550047228884,42.4220144679773,23.315387826669
981,-3.80723790272627,42.4895866185247,23.22078394644
982,-3.8404224933745,42.7061805630322,23.3919540724488
983,-3.8404224933745,42.7230353037031,23.3686965298397
984,-3.8404224933745,43.3526320390391,23.3153347017747
985,-3.01837291176966,43.2040507467464,21.8582406669494
986,-2.98148127848802,43.1637862624353,21.9040224336562
987,-2.07663411263092,38.9790247001666,22.907845248913
988,-2.07730328261174,39.0390890025641,22.8416668360195
989,-2.07809894138902,38.4258878546541,22.836603075129
990,-2.22440809842375,39.1048815657709,22.5647719475118
991,-2.85770594305346,35.7412607591108,22.1889831528959
992,-2.88005161099794,35.6364966589944,22.6142686820559
993,-3.51420931015325,35.6963723463126,23.4856726944006
994,-3.54039025683844,35.4925807420433,23.8285176165873
995,-3.78522704711488,36.6095034677262,24.833270296206
996,-3.78462172562249,36.5905365403563,25.0599102349585
997,-3.78463978374242,36.5685976520213,25.2848823890718
998,-3.78769554585772,36.9621508258668,25.2581939449278
999,-3.78769554585772,36.9624249814525,25.2581810271818
1000,-3.57986897841641,37.175073457333,25.6739052287555
1001,-3.57875888615177,37.3229788602746,25.563525023452
1002,-2.87106568456111,37.8040621948799,22.5178637554012
1003,-2.77382286383922,37.545928513352,22.8904773884516
1004,-2.11330041586622,35.5422141560325,21.0644344333891
1005,-2.11545379723142,35.9304349780634,20.9954118888444
1006,-2.11170132630328,36.0185164620555,20.8130868052841
1007,-2.11170132630328,36.0581018050261,20.6564045038016
1008,-1.68733681932715,37.2850572804794,16.8991856369484
1009,-1.68299167092492,37.5588373902509,16.675370893473
1010,-1.68299167092492,37.5602282713464,16.6734226118674
1011,-1.69232623049535,37.5174270335685,16.749286895146
1012,-2.95851529683673,34.5687586761171,20.7939218756573
1013,-3.01607539485978,34.7441015950877,20.686249293797
1014,-3.34772225168791,36.0331833385079,21.5961044155798
1015,-3.34416967014717,36.0176600875817,21.6331589197879
1016,-3.34416967014717,36.0176600875817,21.6349699042279
1017,-3.27780141045876,35.8461925059844,21.9491080597794
1018,-3.22649897270378,36.3933727635053,21.8366919357355
1019,-3.22699491149454,36.4305972651154,21.8161609913253
1020,-2.71946901089252,35.1442461537589,20.6584495157471
1021,-2.65042659748337,34.8403565990165,20.972378870324
1022,-2.51092485425957,34.9399605164717,20.0162533527923
1023,-2.5067362805062,35.48778904612,19.8732915204999
1024,-1.09392220946939,56.4927777531385,2.7945499892137
1025,-1.07418849104728,56.4989971291429,2.80758178668129
1026,1.19678252483743,48.4643806195751,14.7144573201841
1027,1.25182104948689,48.2326075202613,15.0875007516807
1028,1.25182104948689,49.4864785501277,17.2892970943475
1029,1.25045914401895,49.6039380250649,17.821123969785
1030,0.116585444387406,54.6838106781727,19.6813102501901
1031,0.0577400664518318,54.797792546443,19.4250618519164
1032,-1.17062694148647,46.8972255104937,27.8973640185362
1033,-1.26902747638219,47.3365840760151,27.4242657471316
1034,-1.26613590715059,47.2696074986294,27.5057134588692
1035,-1.26515081460882,50.6532089068261,27.4969591688653
1036,-0.197273519096628,50.6576404521323,25.4994908437989
1037,-0.197273519096628,50.6503499473115,25.436697678002
1038,-0.197273519096628,50.6503499473115,24.109489915088
1039,-0.198966109582054,49.3715595281979,23.9822150163401
1040,-0.20004549114067,47.1315422530046,23.9583872947609
1041,-0.200241951938572,47.0739157914732,24.0644085847717
1042,-0.457203828076654,47.8250282977225,25.5999067634482
1043,-0.457203828076654,47.5850777569302,25.7862137603424
1044,-0.519332098996965,36.0864589445958,30.433050120162
1045,-0.615792942812288,36.4767656854018,30.2164933131377
1046,-2.02736339224879,35.0592095994672,28.1086271827883
1047,-2.09324275040328,35.0630288493964,27.8400660631717
1048,-2.09056396334318,35.0245062076809,27.8890694997302
1049,-2.02306214859137,34.6389118374786,27.8616455622332
1050,-1.64097028866897,37.7003277727148,14.6683836858139
1051,-1.63918122487972,37.7250932736722,14.6212888398409
1052,-1.43346768589342,40.3581381711765,15.6803803783041
1053,-1.43326004592496,40.3370463753885,15.7897018994454
1054,-1.42888277334759,40.278997485076,24.4307495512079
1055,-1.44197086671495,40.0834963081915,24.5282439643542
1056,-2.7197330578716,40.1341815301591,26.511640268697
1057,-2.72073041151584,39.9788791368674,26.7506474771279
1058,-3.67085479929616,37.2784086399269,26.5863795117118
1059,-3.7376979882717,37.3477518140215,26.4014783974065
1060,-3.73853617747149,37.3638116807755,26.381029928238
1061,-3.74120443308445,37.4369972920006,26.2655123189081
1062,-2.92932765348782,38.4817858321167,23.633861398079
1063,-2.91347582792951,38.5245947217691,23.2207107802742
1064,-1.89371451476708,36.8790182512377,19.7245190524331
1065,-1.88497148977618,36.8295152313098,19.6515264287378
1066,-1.88414712772635,36.8209679404253,19.6114630319356
1067,-1.88414712772635,36.3959966583304,19.5345855189772
1068,-1.88414712772635,36.2948989379934,19.1004577790907
1069,-1.88213709895688,36.0487303542992,17.6224741280624
1070,-1.89169947060884,36.0567343018222,17.6480722704255
1071,-1.89455260643344,35.8042614390151,17.6423612126442
1072,-2.3929643936615,37.3913734350513,18.6916175137286
1073,-2.40518496498131,37.0874261715568,18.8273941177297
1074,-2.39804340384771,37.0606077966823,18.8594863514092
1075,-2.39473595182586,37.3067069307247,18.8183729212951
1076,-2.29322826667665,39.9473224740531,17.5273935076474
1077,-2.2952809445551,40.2243680506822,17.4683425577267
1078,-2.28988572820097,40.239096645887,17.441012647587
1079,-2.29202043546337,40.2740813133502,17.6220732971674
1080,-2.23915979834198,40.2372728106958,17.8332789925256
1081,-2.23690249469964,40.3529612450277,17.7293670022846
1082,-1.52615635430701,39.3725022191033,12.9101419134787
1083,-1.50824232978173,40.3984754649318,12.723865029149
1084,-1.51465068304535,40.4332281548356,12.6885958926501
1085,-1.5326355577234,40.5217805453666,12.8332327863137
1086,-1.62084443683157,37.94695948909,12.4788986428288
1087,-1.62172264947103,37.893022669891,12.5170999631136
1088,-1.62172264947103,37.893022669891,12.4721488450773
1089,-1.57661058928512,37.7056089930762,12.6821292125842
1090,-1.26039531463576,39.9957875949483,12.9067327811463
1091,-1.2601097958494,39.8917271337917,13.0417565743525
1092,-1.25632324729443,39.8212553074618,13.1426774255533
1093,-1.30802080721865,39.5102755147367,13.7184619932075
1094,-1.73544055044501,41.4288301618929,13.8765707939484
1095,-1.73544055044501,41.4177628595259,13.9325472421323
1096,-1.73572058242497,41.5844480949407,13.9313222443672
1097,-1.71268951483701,41.6949850819436,13.9063191845959
1098,-0.923477295275511,40.31908291211,15.0223707771537
1099,-0.874301825480924,40.0815705949374,15.2597845535767
1100,-0.855309597179741,39.9991046261947,15.2928411985425
1101,-0.874301825480924,39.7447179743464,15.1913310643553
1102,-0.881972948556945,38.7821702912044,15.2322174084025
1103,-0.882554326210541,38.5773576393854,15.3373565777018
1104,-1.2248872574919,38.1521031741661,14.4253171343488
1105,-1.25458661326068,38.1643742891022,14.3650270652609
1106,-2.13255832319141,40.5704565046473,11.7068069855169
1107,-2.14129222171812,40.4262331313513,12.1083511590271
1108,-2.14129222171812,40.2941243262269,12.1172088641842
1109,-2.13255832319141,40.4382410322795,11.7106491611306
1110,-1.02658409589151,49.2075709667003,16.3656890891109
1111,-0.993220415355878,49.1237556030017,16.5138294118899
1112,-0.696233650765158,49.4387871112192,17.9977976675076
1113,-0.690154368806341,49.6598423607984,18.1255947044512
1114,-0.417022130474963,48.452650003669,21.9652191971857
1115,-0.41732864769329,48.4905036998792,22.6817572682826
1116,-0.41732864769329,47.4131403592411,28.1950749415268
1117,-0.444036332798295,46.493898316592,28.1572864720568
1118,-0.442737347578912,46.4542882418926,28.1683353567076
1119,-0.442658478819145,46.3636676354357,28.306586076243
1120,-0.0506880099408682,44.3357214585413,21.0984850274784
1121,-0.046960643495976,44.5567665461988,21.0847231816578
1122,-0.046917590499808,44.5463673016483,21.1002646476236
1123,-0.046917590499808,44.5053624664438,21.1618399637498
1124,-0.147954646438699,41.7976633042562,20.693497990391
1125,-0.212509281084913,42.0650645840429,20.9821395099173
1126,-0.212509281084913,42.0609356915168,20.9880874894951
1127,-0.147866604801094,41.7326820907992,21.3505665198913
1128,-0.280741100226863,42.3732958979415,19.1819344726055
1129,-0.227763966247174,42.1170989516747,19.4620444246775
1130,-0.227763966247174,39.7318917710807,19.4404065258225
1131,-0.280741100226863,39.943834209005,19.5958074572983
1132,-0.28059668772968,39.9657587525822,19.5673299006789
1133,-0.227423814067747,39.7983271210209,19.8146262454245
1134,0.394484138087185,39.6470262459588,16.7249965604832
1135,0.399820904871325,40.6545049632873,16.399283257335
1136,0.399820904871325,40.7140560424305,16.312470803291
1137,0.399320180192286,40.7137022731923,16.3129268895547
1138,-0.124114365099508,38.7308196009148,17.3886508500162
1139,-0.236915615221944,37.1920516788414,17.1980781337361
1140,-0.585685984565918,38.6065036423086,15.8889380854809
1141,-0.623458747978856,38.6527872972536,15.7574984142579
1142,-0.647318460308226,38.6208001782643,15.7424460273199
1143,-0.686833354714278,38.6743288495223,15.8014150518457
1144,-0.687771346422558,38.5885419890784,15.914326709744
1145,-0.687771346422558,38.5114403485932,16.0265124168794
1146,-0.687771346422558,38.4837392658019,15.0574380759694
1147,-0.653274277406715,38.5803863628774,15.1519252303371
1148,-0.490618670891316,39.6568492215239,14.343818814121
1149,-0.449962487746444,39.8681532511908,13.9996471049061
1150,-0.418815803711268,40.2205729612348,13.7137781100163
1151,-0.334378061303089,39.9028014195975,13.5558806167207
1152,0.231238022775704,40.1574846673399,12.5094301477555
1153,0.231982760709383,40.5092317334101,12.0923384413117
1154,1.04328293176581,39.2002772174153,13.2592435845378
1155,1.16373024052512,38.7569867846917,13.730854801767
1156,1.16364833892512,38.8022556489173,13.6671871826209
1157,1.16322488282834,38.7746285018018,13.7443793694645
1158,0.191978602561497,39.9702222640581,16.1737249789254
1159,0.174577344197433,39.8972399404462,16.2817898425266
1160,-0.90813980818115,39.7788964056613,16.3222711926444
1161,-0.931176849975872,39.7467975468077,16.482225519626
1162,-1.21901024856696,39.2904346783366,15.7550709186417
1163,-1.30346893764758,39.3516427383637,15.5568779864376
1164,-1.56080071262438,38.5047056283687,14.2529005062872
1165,-1.56686821995887,38.5326201110734,14.1787487345658
1166,-1.56715282423088,38.5331830815789,12.7449321150949
1167,-1.56254637722052,38.7465827489936,12.468558025177
1168,-0.0183710387767842,38.2871944770815,15.6543450607445
1169,0.116164787615591,37.8010346486347,16.2729911909601
1170,0.599824252826492,39.0487013521863,13.5195626014212
1171,0.66588584285654,38.7441205983575,13.8478135671595
1172,0.715059858455935,39.098000368847,13.9696998116684
1173,0.715534522177152,38.9481805892115,14.0529947766016
1174,0.715534522177152,38.9480448791383,14.0529947766016
1175,0.715296618161576,38.9304506372907,14.2259119553048
1176,0.363793141132552,40.3079506000631,13.6297961987096
1177,0.361524392395258,40.0552778126217,13.8049225261237
1178,-0.313045060444376,37.0155672377411,13.6618572594189
1179,-0.319261062329063,36.9556432016708,13.6594386596784
1180,-0.393651033662387,35.7274556188513,13.4433341946127
1181,-0.413470870081433,35.4092309589956,13.2837220536759
1182,-0.589998199501467,35.6814834047594,12.6643016878834
1183,-0.596282426463151,35.5549139914291,12.8449884349503
1184,-0.596282426463151,35.4266075969944,12.7032616295316
1185,-0.589998199501467,35.3959829082424,12.7368554391478
1186,-0.551861802930649,35.4906056427856,12.2092780196547
1187,-0.544916571631878,35.5371825410679,12.1428649210801
1188,-0.204998928307501,37.9236301980988,11.8485277961125
1189,-0.194592122200886,38.0860421497985,11.8879134370378
1190,0.39279000618602,38.5444477274846,11.8681804205346
1191,0.402746825808851,38.6815803558912,11.6656904180397
1192,0.927751165611661,38.677091977685,12.1930288940618
1193,0.928495752924977,38.6788650454947,12.1932935900402
1194,0.928495752924977,38.6788738232229,12.1932813634821
1195,0.846373161350867,39.0376858614658,11.8487260697114
1196,0.531700677911122,39.5420811929765,11.728295224133
1197,0.490919412013063,39.4428101869912,11.6826063316597
1198,0.459474040007898,37.0624933364417,11.7186195075504
1199,0.456823508810992,37.0430706972174,11.7358280349266
1200,-0.175158101935086,34.1676482197845,13.7693880318597
1201,-0.233244951379412,33.7270672899596,15.307537505775
1202,-0.233244951379412,33.2633358582536,15.9386452016477
1203,-0.233381953240479,33.9854266057026,15.9400490576497
1204,-0.0903950897157774,34.2622197463942,11.7814506268717
1205,-0.0896008634417148,34.3749139804309,11.4135879375047
1206,-0.079320040300488,35.27926996957,10.9417750732336
1207,-0.0793293733731488,35.8712389517123,10.8822576668381
1208,-0.0137757795723661,37.9857364591241,12.0602996315431
1209,-0.0137757795723661,38.024410126358,12.0221726711383
1210,-0.0138020367226543,38.2317842554136,11.8271719163723
1211,0.000736561762050455,38.1907377627768,11.8844053962021
1212,0.3146662029088,38.5827785329207,12.8117600242594
1213,0.314676237760914,38.5978485714063,12.370603351345
1214,0.314676237760914,38.6140091057941,12.2880301914123
1215,0.294782978509261,38.6448191140511,12.1661679806434
1216,0.294377674740915,36.4420490259704,11.7968584689287
1217,0.29434196495111,36.4420365104265,11.2111294065647
1218,0.271446274465777,36.5258896649541,10.9367582746245
1219,0.271345161634378,36.3855284241201,11.0975205602032
1220,0.132102715412375,33.679297389322,10.5575584185757
1221,0.0887090178015487,33.7188225709862,11.1251459465176
1222,-0.200444808724035,34.6861308759212,11.007801885726
1223,-0.200444808724035,34.6860786220994,11.1032845704334
1224,-0.200444808724035,34.6875935808673,11.1010462533048
1225,-0.0811053231603115,34.4430537273659,11.7045390183051
1226,-0.0811053231603115,34.8791359482477,11.659094516891
1227,-0.0811053231603115,35.1644460318391,12.0394854155821
1228,-0.0855639254945194,35.7646289110981,13.9037996825915
1229,-0.0955002551288772,35.8895319299819,13.9117732122467
1230,-0.110655929328282,35.9640837135646,13.8318476691305
1231,-0.125154686769522,36.0354589358053,13.7579823763882
1232,-0.129466929621206,35.9079755611333,13.5870195538271
1233,-0.129704186044687,35.8215862384809,13.451938897375
1234,-0.129704186044687,35.4287184113971,13.1329162631791
1235,-0.0727867098162429,35.03326246794,13.0983758857263
1236,-0.00120602229094407,34.6429723258633,12.1677513775894
1237,0.000338019973937271,34.6048891890617,12.191075328541
1238,0.000338019973937271,34.5836043474396,12.2021568108302
1239,-0.00120578292164809,34.4635987745692,13.3618306300675
1240,-0.315139746200241,35.7319429395008,12.582306745623
1241,-0.33941474440048,35.4598501602439,12.5841904553295
1242,-0.43956416492622,35.5997203771236,14.3919672427645
1243,-0.48471298894047,35.6698374716447,14.1629278454214
1244,-0.776787796031499,35.6040181799697,15.0161461167675
1245,-0.834115614064746,35.8077659459888,14.8439884836215
1246,-0.832177120995145,34.9902393709729,16.0067375038651
1247,-0.834844106775035,35.0145988724097,15.9758253202549
1248,-0.834844106775035,35.038476604387,15.9441055788356
1249,-0.828341512654041,35.0259514599521,15.8281355440925
1250,-0.322810104433745,34.1258732299749,15.4747711076945
1251,-0.308510448231894,34.171202225419,15.2647025485108
1252,-0.308203375687703,34.2427178008468,15.1415064789329
1253,-0.00258158054812292,32.7974265316138,13.8792393984865
1254,0.0116716603455815,32.8265331103789,13.389762393254
1255,0.0187984475161494,33.3898140631002,13.0361554378123
1256,0.0187984475161494,33.3898140631002,13.0333495198121
1257,0.0188053356329207,33.3905850936412,13.2852824985023
1258,-0.0949971170001134,33.4578289520688,12.8117537888633
1259,-0.101384581929431,33.4390179896485,12.9053972590373
1260,-0.101849972058792,32.6731380352339,13.9367401444823
1261,-0.101932691202472,32.6227426361186,14.0682963360499
1262,0.261931508686873,41.8304245208245,13.6826741929244
1263,0.263972254712077,41.9863980164886,13.3473916180572
1264,1.66200882022611,45.3128012879212,16.6846155922194
1265,1.74062708417758,45.308791001348,16.5991709625874
1266,1.74062708417758,45.5154511266859,16.3563338588272
1267,1.74064570088322,45.526597025597,16.6986020440442
1268,-0.0660310728577892,49.4189430833141,27.458434919589
1269,-0.0680215654795971,49.433706932778,28.6828568191665
1270,-0.0675439845938157,49.5184514883858,28.5376212293558
1271,-0.0654949559346409,49.6356125245584,28.332201812622
1272,0.782115842391252,45.8292359778433,21.0030853368727
1273,0.805541489123772,46.0859427642332,21.1303423705526
1274,0.805056465340908,46.087308117711,21.1288131534108
1275,0.780555995448179,45.7406679337619,21.2583364969811
1276,-0.819856212350728,48.1928029639899,19.97521860855
1277,-0.848401400160893,48.0073975552709,20.1764631870595
1278,-3.06252634849403,45.5041275415296,29.8927594031044
1279,-3.10688350872307,45.5548975990509,29.7929031660696
1280,-4.3316549869435,47.9756018367578,37.3313421086349
1281,-4.3316549869435,48.0422756836599,37.4822673683139
1282,-4.3316549869435,48.6235307419441,36.7686135741165
1283,-4.28500548749437,48.6264587319744,36.894198032493
1284,-4.03743277585931,49.1606476138433,27.9462223217421
1285,-4.02601060793859,49.1695719658185,27.3590342905013
1286,-3.88353582263656,48.4528069483156,27.1081124320885
1287,-3.84894466687687,48.1536023485123,26.9768492605524
1288,-3.83503055330189,44.7491600794444,27.0733844457829
1289,-3.76351173900173,43.5212212347903,27.2977485245546
1290,-3.7499292167792,42.7406514145408,21.1798858306536
1291,-3.73767863189925,41.983837002667,21.086333039028
1292,-3.40549265343641,40.1705924659362,19.3199066918582
1293,-3.32083500311854,39.4117051369726,18.5884809713757
1294,-3.32083500311854,39.2797662786808,18.6427614442563
1295,-3.32083500311854,39.2345004113109,17.8873493211462
1296,-3.74207258777854,37.4878610963244,15.9938647028388
1297,-3.74207258777854,37.4839645211267,14.9283521219022
1298,-3.74030146268239,37.4273285294348,14.9537657164092
1299,-2.59915798707905,35.337941014509,14.670849984607
1300,-2.5594805825841,35.3403574962497,14.6920753890818
1301,-1.96170065366885,34.5846419031762,13.3752279930209
1302,-1.95926117395094,34.8450340285644,13.1013366664578
1303,-1.95907285320014,34.978901399301,12.9958043791818
1304,-1.27203391325387,34.9903532900854,13.0229200695691
1305,-1.21045593882201,35.8360303572514,13.281274178479
1306,-1.20704610256809,36.2010632122608,13.280935040617
1307,-1.20486495756197,36.1902677443431,13.3090913864035
1308,-1.20461319934901,36.1948749597063,13.5343066869948
1309,-1.20443739395459,36.161870019695,14.0699791771421
1310,-1.38154145050882,36.5720429574277,16.822139087006
1311,-1.43771234381847,36.6132404380555,16.664474035633
1312,-1.69329468810699,37.6633136677653,16.7586955991894
1313,-1.69322231668591,37.6494736234403,16.7692068669346
1314,-1.69218228527308,37.6742084149883,16.8887459973964
1315,-1.63706676989812,37.6851264667658,17.0935143553366
1316,-1.21075925610633,37.015605899571,16.5381120870236
1317,-1.19528220809412,37.4411848889659,16.547676205358
1318,-1.19606018000559,37.4276439921163,16.1708248412617
1319,-1.19619230889621,37.5041461149828,16.065505916034
1320,-1.43374435515388,38.4464651947514,14.7496064191324
1321,-1.44976547824284,38.4675201368246,14.6046895061054
1322,-1.45012784700117,37.2641687983401,14.5562945484459
1323,-1.45012784700117,37.4431571029367,14.3148713874956
1324,-0.980195246658901,35.3206959206302,14.8440734006651
1325,-0.98149434160867,35.6254810281807,14.7140269911726
1326,-0.98149434160867,35.6254810281807,14.713407335879
1327,-0.999173291702258,35.712475598024,14.6197795055607
1328,-1.22892920582101,35.8927356923325,16.7736604314022
1329,-1.23677140219797,35.080532511654,16.9587600683001
1330,-1.58550028658491,35.349522660197,16.325701833954
1331,-1.58097303126207,35.3283661590887,16.357959062053
1332,-1.57424181510718,35.2525403547172,16.3687744821056
1333,-1.51561540284938,34.9655595862262,16.5370405952672
1334,-1.36418480980064,34.2368412329738,14.6509238610427
1335,-1.36418480980064,34.3614139254048,14.6367931644061
1336,-1.29966398661556,34.0267629262811,14.6496589395009
1337,-1.29161959481562,33.9827690220112,14.4347671365246
1338,-1.24339658505681,33.9079670340424,14.1028434591574
1339,-1.23163958326523,33.8636341709276,13.2753310776272
1340,-0.842795557175499,33.7184128375124,14.2776442512426
1341,-0.84006493028194,34.0787059645102,14.0759766370652
1342,-0.806379743746278,34.0845727328638,13.8534704066246
1343,-0.780419419097418,34.0489421347868,13.8664906362909
1344,-0.716828998804085,33.6848191178541,14.2112330402851
1345,-0.694611613777661,33.6473349136756,14.2831843199248
1346,-0.0775261083774977,41.9936392491347,14.4218359604909
1347,-0.0614089656990557,41.9237573917628,14.516599400967
1348,-0.0613238848207733,41.9110475544204,14.5311800086645
1349,-0.0611592885201149,41.8779101849936,14.5855500640775
1350,-0.160633005698413,41.9893204162876,14.1672103507199
1351,-0.229263532983889,42.1692065909811,13.9789691776649
1352,-0.280706561393261,42.3114630341207,13.8213322951152
1353,-0.29308495107402,42.2703987802611,14.0234776715705
1354,-0.293422399358906,42.2078975954998,14.1534748714478
1355,-0.293729632208156,42.1343162974239,14.0824296271422
1356,-0.257481646605882,43.7435165138823,14.2374501468827
1357,-0.200741334712907,43.5119728007948,14.2786190863541
1358,0.295770992982501,44.9424109246314,16.8726127545059
1359,0.29573827938747,44.981644318238,16.8090160500228
1360,0.295598888714145,45.0022384720957,19.3761062158456
1361,0.27687386081121,45.0195343903779,19.330527484812
1362,0.27687386081121,45.0251866386005,19.3242491406661
1363,0.276873249394764,45.0460410779431,19.2913742069781
1364,0.888260731978055,42.4051342695456,20.3646497233735
1365,0.886653985452243,42.5661695637345,20.1032498997373
1366,0.88642485484801,42.6634089890849,19.9456559193786
1367,0.338891560415373,42.5708044071737,17.2894918259536
1368,0.321805922280208,42.6038215698602,17.2306340075032
1369,-0.227391963045877,40.6027304219026,18.5931930140606
1370,-0.290536331757229,40.6269869578099,18.4363109043607
1371,-0.336995807881733,40.7873860802894,18.2321840565764
1372,-0.347867291510806,40.7877914733317,18.299606943088
1373,-0.363478859637863,40.7836090190745,18.4370259003953
1374,-0.400633119733534,40.8335541100292,18.4341965901895
1375,-0.400345859879338,40.7995678171668,18.3523710241933
1376,-0.415396672742141,40.8567365978236,18.5178772273388
1377,-0.427508461805242,40.8038010161165,18.5287477556745
1378,-0.569697090001477,40.9567456160487,17.9056308539329
1379,-0.624894730597485,40.9943880240507,17.9151873828437
1380,-0.625671792406156,38.6140494320372,17.9212326889714
1381,-0.627030832725005,38.61899144746,17.9644993121948
1382,-0.470290928314801,37.9295756160224,18.6921034749113
1383,-0.39231614401777,39.7520882661511,18.6790921584791
1384,-0.212534973570832,39.5252237060572,17.0038224072733
1385,-0.212874570790003,39.5906222863152,16.6656095185001
1386,-0.00142244915833373,39.4977721011233,17.7464306912337
1387,-0.00142296048827956,39.3584548256882,17.747432839368
1388,0.0195064573014826,39.180984387713,15.6735990460955
1389,0.0195064573014826,39.1694222053867,15.6905979359079
1390,0.0195064573014826,39.0563123093134,15.8560801672302
1391,-0.088498585183605,39.3936801346645,15.950044670059
1392,-0.59831946574479,40.8014507244445,16.0114137110606
1393,-0.607028490595147,40.8342658844313,16.0021380086356
1394,-0.655886150256696,41.0138639583588,15.973691290065
1395,-0.724897885326323,41.3496354548362,15.7152427480547
1396,-0.753853832226261,41.4377193879429,16.3598700855928
1397,-0.80152558516156,41.7259079155157,17.013854881024
1398,-0.806946268952737,41.8723857765366,16.8995730767845
1399,-0.817294587173905,41.9230181138919,16.854209466676
1400,-0.806991016696011,42.015662384768,16.8464641144273
1401,-0.80172212529715,42.1543641252678,16.8225253322456
1402,-0.604865261036248,41.4283331461515,15.8993274168444
1403,-0.55289897220649,41.2299595557888,16.0753895311711
1404,-0.555009338363489,41.3841951835586,15.8583284946713
1405,-0.555839502112367,40.6473232924076,15.8155444317664
1406,-0.701901517502588,37.27951718159,15.9063343801288
1407,-0.718198518151885,37.3296246498785,15.8180590797461
1408,-0.837599989495671,37.5750902871016,15.2053830073154
1409,-0.903257089465883,37.8608041730653,14.7813925633097
1410,-0.918776403406318,37.8145544621399,14.7004982058118
1411,-0.940001496423244,37.9021492056074,14.5984462831608
1412,-1.0209880866766,37.4936752343096,14.9211563067809
1413,-1.0190548991983,37.4479359001735,14.9890556913804
1414,-1.0190548991983,37.4447120625098,14.9934913180598
1415,-1.00635247271761,37.6321194432891,15.0568926708058
1416,-0.749972341983228,37.4371717435112,16.4651269117028
1417,-0.749972341983228,37.466638699237,16.4463565196589
1418,-0.749972341983228,37.4933003466363,16.313770996584
1419,-0.749972341983228,37.4244960698408,16.0500587921952
1420,-0.749972341983228,37.4281196186638,16.0460634316962
1421,-0.71373566334661,37.2523048247263,15.9171796039472
1422,-0.451049522600178,35.9950129914886,14.6615640349321
1423,-0.451793341575778,35.9994772937973,14.6114423273251
1424,-0.451905426027514,35.570467089079,14.6107161860493
1425,-0.489674780561195,35.7337989542094,14.4589026129445
1426,-0.489674780561195,35.0897185682689,14.5796654171859
1427,-0.489935895027693,34.6156477749286,14.4165717387991
1428,-0.224324180394913,33.3039805914679,12.7945886328113
1429,-0.169581455228712,33.0317406981372,13.0140402083249
1430,0.563704176262505,42.1158694490388,13.0383970399981
1431,0.563704176262505,42.1949691515689,13.0142746885124
1432,0.563704176262505,42.2950596992018,13.0144742338635
1433,0.528126168092689,42.8433299559489,12.8332484681783
1434,0.511989275153767,44.8547664464805,13.8015318074419
1435,0.505227917507134,44.8906169666804,14.4636444555871
1436,0.120145694046511,46.8050724352566,18.4864140276037
1437,0.100526841361833,45.3903632107784,18.382002452241
1438,0.100020559269135,45.4642807145901,18.2544137966826
1439,0.09999840264346,45.5506198938697,17.9825285259436
1440,0.408150899790723,48.616043397077,17.7131445925775
1441,0.420622897295322,48.6281899114554,17.6960530120393
1442,0.420982437430063,48.6287501960067,17.6954222962825
1443,0.408283017398406,48.6882443280909,17.9627672129094
1444,0.0748230735036593,44.2105736228463,19.1350229970367
1445,0.0714349099605948,44.1150468406872,19.2508905062882
1446,0.0714793413958499,43.6789454291196,20.0110254652129
1447,0.0714793413958499,43.6786868280485,20.0116666362483
1448,0.20911425660592,43.5517711792638,19.6699558261148
1449,0.269113738924795,43.4522841792574,19.8402969970706
1450,0.269113738924795,43.5588416825148,19.6593144936051
1451,0.209141470369343,43.959962516963,19.1404371613938
1452,-0.164971152583868,44.4186315723647,17.845220571194
1453,-0.195497770089007,44.5109107699941,18.5747943005583
1454,-0.195497770089007,43.6470616701966,19.296039269432
1455,-0.195497770089007,42.8311151414331,19.2651169412379
1456,-0.166974200226892,42.3986551048245,19.3518308857398
1457,-0.164977608740318,42.2874532017045,18.5528793705206
1458,-0.164989188687242,42.1319621865563,18.0460792708749
1459,-0.164989188687242,41.9205168278795,18.045424464345
1460,-0.209508772938675,41.0343376376866,17.8356556678686
1461,-0.213469742723562,40.9422972951862,18.2342758826673
1462,-0.304852813789356,41.2631982583667,18.5027594778487
1463,-0.314546703067424,41.2883726428823,18.7602752697629
1464,-0.314123084224892,41.3766708946109,18.7564743324294
1465,-0.313731138904603,41.6781023800938,18.7602234741359
1466,-0.249155321483429,41.5511331749271,18.8767234552531
1467,-0.236030454158919,42.4725501555196,17.586183002514
1468,-0.196316986703089,42.2896375418759,17.6692334742604
1469,-0.196316986703089,42.2896292503757,17.6720964587625
1470,-0.196316986703089,40.5879922340078,17.2383252050411
1471,-0.229942095957741,40.4172576112567,17.075382990446
1472,-0.229413608421061,40.4192914472127,16.8153578870321
1473,-0.229391576752259,40.4319306320335,16.5114552218811
1474,0.40195493623789,40.1022955933384,13.9373724525346
1475,0.40195493623789,40.1022951423702,13.9375979216177
1476,0.402994062846023,40.1009671760382,13.93934286487
1477,0.349235379575364,39.5558827036804,14.1520696813112
1478,0.166600682612502,40.4401004622837,17.0537890172431
1479,0.166614953235338,40.4400821553495,17.0666727525026
1480,0.166614953235338,40.8564334436391,17.066740986217
1481,0.173361213414841,40.9549599067608,16.9477376792985
1482,0.17338389680268,43.3142770918575,16.7522650932657
1483,0.173443307639361,43.326239106227,16.7483267220381
1484,0.0444696657372791,43.9519505560792,16.4238417476196
1485,0.0397156684895473,44.0359156669638,16.8847671821608
1486,0.0397156684895473,44.0455135405451,16.9217092398226
1487,0.0444696657372791,44.037012381248,16.9698871424184
1488,0.378322731791366,42.9926930172388,18.3246806604365
1489,0.390758119888084,42.9620176196332,17.8888563787274
1490,0.505471819661302,42.4140391538725,17.0149983970898
1491,0.505471819661302,42.3822704147465,17.015519870699
1492,0.505471819661302,42.2451276224376,17.029672432981
1493,0.413808058177239,42.6495532077947,17.4529942846878
1494,-0.507944085321337,43.9104088239645,16.8635759395336
1495,-0.527944646845643,43.9773685213291,16.7574489236676
1496,-0.528393354491682,43.4852175656145,16.7503115455706
1497,-0.508407725427591,43.428587631114,16.5262312501118
1498,-0.406292251773324,42.3644554543066,16.5934085271223
1499,-0.406470763175464,42.289579609526,16.5918679056175
1500,-0.40686152021456,41.0952633423144,16.5883148251941
1501,-0.407110557565939,41.0953541152059,16.5881405247973
1502,-0.407110557565939,41.0929682621305,16.5895231990652
1503,-0.389850416778561,41.1502883188687,16.543390741511
1504,-0.220893786034233,42.8505947568001,16.8390382621876
1505,-0.218842774846222,43.2406381421441,16.5012028615268
1506,0.230748880881005,42.0802308338692,16.6802229653936
1507,0.328238196410939,41.6122485914909,17.1511925179905
1508,0.327707366710666,41.6105529857285,17.1533722653272
1509,0.327978247837444,41.4880554191159,17.325847558418
1510,-0.376296435314074,39.3842800655318,14.1355833306347
1511,-0.379749538667648,38.0644832030906,14.6555368521407
1512,-0.380606778931425,38.0689330192176,14.6571659871123
1513,-0.378306494952237,38.0579938721106,14.2261205466515
1514,1.66517438681906,52.0129461013072,11.3512672541738
1515,1.67022290227894,52.6561146636058,9.86552213282243
1516,2.65753280589471,49.7397769509291,12.7209092417995
1517,2.6589041675697,49.7372276605578,12.7192089493452
1518,2.66112042924795,49.8354406818399,12.7390553097298
1519,2.41332796189376,50.8414244378807,12.0355061214045
1520,1.85965402081175,52.717606417352,18.3870865120119
1521,1.8581866610041,52.6668366694034,18.478141153753
1522,1.84636667910788,50.8613331506409,23.7447133148278
1523,1.87167583762754,50.7554041250571,24.0230938356269
1524,1.87086460207234,49.7041311634671,24.0455209311801
1525,1.87086460207234,49.7279213636013,24.0072153423442
1526,1.7560643718513,48.8457753740187,24.1421933684464
1527,1.74521192483957,48.885329253202,24.2252907559501
1528,-0.234214385949765,40.2473317171262,18.9934537775799
1529,-0.234214385949765,40.2473317171262,18.9896013685754
1530,-0.234214385949765,40.2473317171262,18.9890746727439
1531,1.7355774155896,43.5019104344234,17.5644025447465
1532,1.76255342391999,43.5658063585746,17.5542189556038
1533,1.82248807315184,43.3711958870849,17.8691983576317
1534,1.82221712745642,43.281633797179,18.4271241614767
1535,1.82221586625911,43.1861974088859,18.4578736117072
1536,0.503100788238337,35.6164154224759,21.6837525202093
1537,0.393851758015267,36.0641994181992,21.4651936631711
1538,-0.30754927511512,39.3369326179453,17.9587996817195
1539,-0.30754927511512,39.4205788814177,17.7766749580065
1540,-0.30754927511512,39.6607535948155,16.9117905258238
1541,-0.28640890937564,39.6399886972676,16.8612193444171
1542,-0.276189037131352,39.6603874590961,16.7698821186365
1543,-0.255252439078662,39.6321291793683,16.7395017219218
1544,-0.0320375131842437,40.0054819143213,15.2239481755861
1545,-0.0144484462141448,40.1155087533223,15.3085192211883
1546,0.41388223721086,40.6144080194467,14.9301094195572
1547,0.477010771440283,40.7964492799552,14.8244275296473
1548,0.574821012652336,40.6331492859865,15.2008526192587
1549,0.588183241430493,40.7311256166055,15.0878461558805
1550,1.25706517404808,40.1643247466212,15.7053026574643
1551,1.29458458797998,40.4659920134442,15.7594599081935
1552,1.29625800468262,40.6879066191193,15.2056919172484
1553,1.26018112355318,40.8631174031489,15.0135884640217
1554,1.15524525014812,41.3706274340637,14.4604321095862
1555,0.865057989170169,41.432046942344,13.2772940706589
1556,0.84248792708515,41.4005290286818,13.4194700562972
1557,0.81030102055026,41.3125661222483,13.4510088814276
1558,0.713085772350477,40.7049909762232,13.1836410858724
1559,0.712563808008112,40.5788262862525,13.2959006364424
1560,0.712395135449451,40.5792550075293,13.2977193707451
1561,0.722689301741558,40.5795855058817,13.3488537564945
1562,1.01329005413648,39.8997311171581,14.0316368190009
1563,1.04373286642055,39.863375467555,13.7150136131734
1564,1.04373286642055,39.932312610394,13.61348385246
1565,1.04373286642055,39.9513896460408,13.5845549874239
1566,0.8182673262939,40.8820492337037,13.6546269523415
1567,0.819274809367035,40.8571167883306,14.0264150055251
1568,0.819274809367035,40.9004345754605,15.648678493206
1569,0.882548010761301,40.6199048751097,16.1623357159704
1570,0.880365793253,41.212235409585,16.2277685664841
1571,0.879882644506464,41.2679007224433,16.205502122466
1572,0.863899865644558,41.3433698497209,16.2698984921846
1573,0.847639111927925,41.3071305085171,16.2190094269386
1574,0.345705861459294,42.5205340151581,15.5583849349715
1575,0.296147682398438,42.5771159149959,15.8946558855377
1576,0.296319793040549,41.4604806989744,16.1325506471427
1577,0.345906772276671,40.9741724729124,16.4112089515245
1578,0.562421105493975,39.8350265269924,13.3365956306635
1579,0.600751445138736,39.74319343487,13.076753454006
1580,0.928260782086235,38.2826886193078,12.6637395950766
1581,0.951542258676431,38.1118776896252,12.747655060408
1582,1.02603289396863,37.8159052908305,12.8690298977296
1583,1.02607197517559,37.9209895645792,12.8668913203604
1584,1.05821027981935,37.797735089165,12.9973437291657
1585,1.08133000090215,37.7070463242377,13.082868171471
1586,1.35106694817856,38.0250555679383,13.1431180808742
1587,1.41384819881275,37.7432143911869,13.45062416792
1588,1.41064661709948,38.2222438976763,13.4454265814495
1589,1.40922216789218,38.3079711682202,13.4414922699139
1590,1.34125352408518,38.6095115865721,14.3404722510019
1591,1.28586675869255,38.730662472178,14.6051674380626
1592,0.770800091723711,41.1232528193424,14.3513249162529
1593,0.714151033205248,40.9365963815899,14.4644240695174
1594,0.714151033205248,40.0778837475091,14.5058364955353
1595,0.71442122273729,40.0770233335211,14.5013460387612
1596,0.769849208385969,39.820458242697,13.1056380064729
1597,0.783566290813515,40.131547266454,13.1075060266098
1598,1.81108979425316,43.7645216390676,14.2675893246932
1599,1.82515202276599,43.7183176534841,14.1937837707095
1600,2.70451101005601,48.9625008148736,12.0196321299954
1601,2.74915928306457,48.8675412927602,11.9613020716069
1602,3.54646128242317,46.9512596516388,16.041340421853
1603,3.5486362862007,46.958521381627,16.2328938043467
1604,3.5486362862007,46.9583659974292,19.8779770814343
1605,3.54488480193809,46.9469738458272,19.9865924701076
1606,2.78461204246845,48.8743283495154,18.2102184519222
1607,2.75665082085501,48.7634907815373,18.6057491702739
1608,2.70352242789124,48.054101272898,18.9382974924599
1609,2.69831611207456,48.0674806424369,19.5037354131579
1610,2.6935475315101,48.0790972143712,19.8153255680202
1611,2.69070076574831,47.9223074245801,19.8056819076246
1612,2.68478513063149,46.8608841179769,19.7832551706535
1613,2.62735560859186,47.0683178010345,19.9931509601199
1614,2.40341489127723,45.9343293990538,19.2601771542863
1615,2.40743699655395,45.9197695555886,19.2709083224896
1616,2.41249701030548,45.9567880519838,19.1730019354273
1617,2.4414628884958,46.3138344356681,19.3192691017352
1618,2.66326226002433,45.7627026984946,19.4590734401198
1619,2.75603734565145,45.338368970389,19.7099041242626
1620,2.75564134580142,45.3640352114545,19.6450206687087
1621,2.75340090409403,45.3990821441363,19.7618308231718
1622,2.55244808337862,43.018503440374,21.51410770148
1623,2.50536876451223,43.22972047442,21.473283897364
1624,2.06417472480345,43.3478659590636,23.3932227877037
1625,1.78656985741277,44.6429442776243,22.1768813383058
1626,1.51289569907848,43.5551487329084,21.6292411773716
1627,1.51281995247038,43.3129178190395,21.6796829750024
1628,1.51225702147219,43.2941367208291,21.6872262820153
1629,1.51400462330605,42.6876530724492,21.6105193417092
1630,1.51323797401276,41.8447725291691,19.2109369258285
1631,1.57902541648192,41.4299808817466,19.4130351253124
1632,1.62116606738519,39.7989872864431,17.7619250356085
1633,1.64443117619853,39.3422231504817,17.4343969817809
1634,1.63763255787285,39.1742846162033,17.4635636903496
1635,1.61386086059264,39.2463625891103,17.3845123642442
1636,0.960130429519107,40.5829122796699,13.8482582526374
1637,0.955173189165814,40.3754379971417,13.9387225064922
1638,0.955173189165814,40.3658923891657,13.9529688718128
1639,0.955412703275966,40.5597500772952,13.8940332592265
1640,1.34763338776641,39.9473723725097,14.5861067630842
1641,1.34798646043252,40.0569265051219,14.1967937596572
1642,1.34798646043252,40.0554167052439,14.1990865165586
1643,1.32809416217496,40.0378173187082,14.4878173304317
1644,0.734125583960333,41.907310083028,13.3891943514073
1645,0.733832812490597,41.9153247789811,13.374903620003
1646,0.733691320821242,41.9358701681054,13.3437879134971
1647,0.754855526008151,42.0340453598408,12.8880381224388
1648,0.958911437581656,41.0883018188865,13.0155702135803
1649,0.958353037833604,41.0897222620661,12.8151914071281
1650,1.01762969158114,40.0505015692205,13.1219867078476
1651,0.958391741374898,40.0076256522409,12.8112174221709
1652,0.954689139878738,39.9726723918139,12.5657393663165
1653,0.950625437006753,39.8561577874689,12.5922665441561
1654,0.794928277798013,39.7273372334085,11.8258566804533
1655,0.713286644917571,39.9366742342314,11.4903966639739
1656,0.565651700360657,40.4071745966139,11.0306454988252
1657,0.53128317486537,40.1808485312114,11.0419648435262
1658,0.500489548579709,40.0649151674011,11.0239097424822
1659,0.49387794792069,40.0274629057357,10.9973489787254
1660,0.494036189221615,40.0264565830087,10.9970722183745
1661,0.494096984094321,40.0320249659783,10.8241146568121
1662,1.19577676890791,38.783384752851,12.3493862327328
1663,1.21118666867575,39.0202585701201,12.4151961952243
1664,1.57815868940183,39.0317910763819,13.9110776135357
1665,1.58073810087165,39.0718499886167,13.9016937510632
1666,1.5840302354991,39.2316120366509,13.7688444025347
1667,1.58783540545566,39.3836350268381,13.7879696140643
1668,1.58742975277346,39.3895127202339,13.4551875981844
1669,1.58718163935886,39.3905505817671,13.4598664868482
1670,1.56453014409223,39.0179188088035,13.3488301155706
1671,1.53117498406691,38.7885829459867,13.272594966322
1672,0.951888720240854,39.5713116197343,11.5838399957374
1673,0.926530427389382,39.5448116390075,11.7107200983105
1674,-0.0130041404782936,39.7012618443014,10.7331950478332
1675,-0.0130041404782936,39.7012272913536,10.7333566192911
1676,-0.0130171005170639,39.7005753852322,10.7346245119521
1677,-0.0113592394981052,39.707623423315,10.6346151355627
1678,0.598994617974888,40.2768797793928,12.0783882255974
1679,0.608055459035268,40.4074710055494,12.1168000752274
1680,0.609422621429947,40.5835960644373,12.0874118268081
1681,0.681348500156765,40.32794198666,12.4427400083782
1682,0.716059971279618,41.251580343811,12.5764145057574
1683,0.743448749031803,41.4174091350343,12.3038109531874
1684,1.52995319032176,41.7752827930054,13.6104977528317
1685,1.54042138822172,41.8322672288757,13.4574415285225
1686,1.76549307040643,46.4744758106802,14.2593376550628
1687,1.78697840432938,46.3760084277424,14.3729326733064
1688,1.78692220663786,50.2438296983245,14.3749481668086
1689,1.7647032826609,50.4370505429668,14.3936003399475
1690,1.31762441776365,52.3150976690617,15.0888667712722
1691,1.3167989384723,52.2955352984042,15.1259645988432
1692,-0.197748561699414,57.9008836697164,16.4529045315248
1693,-0.230813309484309,57.9116664343921,16.4860876340447
1694,-0.229993318769533,57.9018049293137,17.0349555096971
1695,-0.245275623320502,58.016908640249,17.1807424544432
1696,-0.274083177842882,58.847075370189,17.1683378269924
1697,-0.274083177842882,58.9913948222454,17.1743343444827
1698,-0.244957886098924,58.9971024986004,17.3234349353184
1699,-0.245135148883858,59.1637698337265,17.2842197664102
1700,0.366609007027662,56.6577694478717,16.2021304069003
1701,0.462116988418574,56.304962669479,16.4885767658431
1702,1.02364789613791,55.6978153299957,15.4846768818081
1703,1.062163596554,55.6473459246442,15.5659012274887
1704,1.10717614888911,55.8540710405955,15.3061782059176
1705,1.16123336634485,55.7740160131862,15.1253780767884
1706,1.21456973556827,55.5701728520159,15.3282257532972
1707,1.25652172225376,55.7452496071323,15.5507947006177
1708,1.25652172225376,55.7355971529521,15.738614378107
1709,1.25527474279679,55.7283669045227,17.3793453376738
1710,0.609679503637299,56.4553937190468,19.2984280546607
1711,0.509335024650642,56.6415855326058,19.4234556676996
1712,0.135958890641176,52.761396853027,19.2625877857357
1713,0.135977760564935,52.7482548674416,19.3055954664329
1714,0.0921110577034712,52.4417226206297,22.9003711295149
1715,0.092238802939012,52.4524775244147,22.9845795903123
1716,-0.381932612389794,55.3726744905987,27.4104382092347
1717,-0.382017247586244,55.5365457312383,27.3500636189517
1718,-0.383671520888549,62.1233113978371,27.1058880107595
1719,-0.3418175541315,64.330241311003,27.0565958677691
1720,-0.3418175541315,76.8316313534603,28.0987053296757
1721,-0.3418175541315,76.8959696116933,28.0298595597575
1722,-0.544616648444592,77.8100258562632,69.6435711967626
1723,-0.550816158144928,77.7734854733465,69.8301658811803
1724,-1.69138510511869,78.3422232042602,64.7412277121585
1725,-1.76559390141258,78.6014431481244,64.2175903147483
1726,-1.76559390141258,69.8103532900231,36.4917771093937
1727,-1.69138510511869,68.5397263500752,36.2609730442568
1728,-1.68101918524289,57.2301745470673,29.8541976103088
1729,-1.75024208528698,57.2272313203255,29.8514095317056
1730,-1.9886496784081,45.9537622343005,27.573487847729
1731,-1.99128373385053,45.9695680253758,27.5564299012851
1732,-1.97416606660438,45.9105728561094,27.6203427587326
1733,-1.97041657429136,45.9811211063684,27.5069138805761
1734,-0.344241365760826,39.6860337182482,13.3482559097611
1735,-0.334950973407833,39.7286119659273,13.2823638176775
1736,-0.33406576784714,40.233711909033,13.273360550699
1737,-0.342755209689643,40.3031378247761,13.2169024957592
1738,-0.379256115260513,40.7230734514087,15.7124609687341
1739,-0.408823899795959,40.8970002678067,15.6330600119611
1740,-0.811863321455275,43.1159633838538,13.4781130270412
1741,-0.825187257163267,42.2871666754584,13.3438744630085
1742,-1.08578050721898,42.4774350863146,13.1168023246343
1743,-1.08716842452825,42.5445615736916,13.0262832405859
1744,-1.08749945435232,42.7956138312393,12.6635381935349
1745,-1.05702399462478,43.510451196041,12.1353665779972
1746,-0.0661162174476664,45.8482926411934,14.182522068912
1747,-0.0605383963818569,46.4549483058625,14.2110540711797
1748,-0.0532077614164833,46.400016661184,13.6481167408701
1749,0.0158248105461986,46.0926356444675,14.0193823551693
1750,0.788704156314739,55.6727556548903,14.3509324483605
1751,0.793959875611752,55.6558745194012,13.9865383461045
1752,2.68074366405301,87.9317116686729,15.6812536421243
1753,2.80504582662021,87.2966704497178,16.4459717952032
1754,2.81912742631252,87.2285253385101,16.5133673073883
1755,2.83196112088585,87.1350829564087,17.3404469808114
1756,3.52046553609967,59.363141245947,33.063907375698
1757,3.5529232290727,59.1313612258391,33.5031009950478
1758,2.99737964900453,54.2783158853365,33.5015660279745
1759,3.02446163722645,54.1423454176397,33.5887934980437
1760,3.01144507495251,49.2840492121322,34.0221071231324
1761,2.98405845853883,49.4293049562241,34.1935723890773
1762,1.25637489234861,38.5028687869632,28.0465545263234
1763,1.25503774651035,38.3264006018506,28.0361353985429
1764,1.2549852134145,38.3238397050705,28.0359100497527
1765,1.27306689247923,37.9309120038933,27.7412800945996
1766,2.08318489369213,33.884054665403,18.060427739599
1767,2.09622142517648,33.6389695677642,18.1896350559447
1768,2.08901610488317,33.3918595118982,18.1574332107709
1769,2.07539920749501,33.0139021238956,18.2857965048859
1770,1.38611900709771,34.5046581527728,19.7235935408731
1771,1.38611900709771,34.4281357353694,19.8434418371226
1772,1.38611900709771,34.4576151189572,19.8428529714512
1773,1.38673710113409,34.7013376674191,19.8206988681282
1774,1.55505905880348,38.2601617710594,20.6302157128117
1775,1.55505905880348,38.8307713762583,20.630043788803
1776,1.85374855485751,37.5328169440999,21.60575657961
1777,1.8554205202291,37.6813457848591,21.5545518218453
1778,2.1169416200099,39.6938994440678,17.9181445718902
1779,2.1727508417111,39.5521901910257,17.2029024765622
1780,2.17514639000173,39.595389462524,16.6444643712961
1781,2.17641315422757,39.5925596709126,16.6470441671367
1782,2.10325412534845,39.5891816855476,14.9711032542262
1783,2.10160104241221,39.4487289887433,15.0432356508099
1784,2.10201975000222,39.3987997289941,13.1814125766449
1785,2.10398027951331,39.4244489188173,13.2396190803719
1786,2.54031177468495,42.6365485867347,14.6828509828168
1787,2.54216912538117,42.9239623089427,14.9805700713581
1788,2.54216912538117,42.993487675935,15.0991205959538
1789,2.52255158753665,43.0693716942605,15.085662896485
1790,2.13728254186268,44.8754477728919,15.7987318757479
1791,2.08725005508407,44.9026859355089,15.6630354153043
1792,1.87138465354949,43.5427714911235,16.1172433158465
1793,1.70640420595135,44.233657005888,15.2884047460492
1794,1.14474355413803,46.7714275854122,16.0248422426705
1795,1.14003646110007,45.6873319227013,15.6994302784021
1796,1.14003646110007,45.9365972132053,15.3912511522317
1797,1.14442382890386,47.2293598339336,15.2512672754355
1798,2.20812389380108,48.6939410861484,17.839942041123
1799,2.20828619427415,48.7762310435268,17.7171334173229
1800,2.20866761839674,48.7750227993958,17.7184519733164
1801,2.18476652712066,48.7620754844363,18.1808396352776
1802,1.79538479751465,44.5993475809133,16.4028269478927
1803,1.76230077652537,44.5649596066632,16.4086711980052
1804,1.75739073354961,41.1153811794797,14.6457055891204
1805,1.75506791897875,41.0065401891985,14.7637165660154
1806,1.48457411899117,39.896200623608,13.5153630346153
1807,1.38611516039447,39.8034854579682,13.7409531437453
1808,0.911412116952773,40.0649963864003,11.6837301300812
1809,0.886471240288376,40.028590636474,11.6484582731154
1810,0.886894389717275,40.0255476683163,11.6517332588812
1811,0.912300967663925,40.1215558674244,11.5083120580836
1812,1.36100652730191,39.7226807533105,12.9292693643874
1813,1.36133104640301,39.9569465568236,12.8941865568029
1814,1.37216214686713,40.0220043516677,12.9343958966065
1815,1.37183504777445,40.0622208191486,12.8820093422008
1816,1.65125341615832,40.1235494990847,13.7894331233639
1817,1.65979332816543,40.2769974482435,13.6115112881099
1818,2.12229435476997,46.6906544263307,12.955034670761
1819,2.22379184409179,46.5219770439806,13.4883223188371
1820,2.22379184409179,46.5217640129023,13.4885299810049
1821,2.22379184409179,46.5042194491559,13.6803627178626
1822,1.39686298865852,47.541894636051,11.1229315062886
1823,1.32585266765899,47.8155077429222,10.9021807010389
1824,0.828048721774693,44.817923603943,9.00594482397295
1825,0.816770628075159,44.5330708421708,8.97537851638189
1826,0.816770628075159,44.1241184139123,9.63974416502538
1827,0.816770628075159,44.0686667430046,9.01929885804174
1828,0.828206608462006,40.8167761629258,9.01749153194595
1829,0.844179568529178,40.6986413399809,9.1047001794537
1830,1.17510436568959,39.1700563220943,8.6058438748896
1831,1.25185278023142,38.8098361448733,8.78395780599462
1832,2.71689601198191,36.10859635706,11.8755627252846
1833,2.74041904860992,36.1265522787049,10.3367592585495
1834,3.66746590258075,45.6004422569875,13.8759237111894
1835,3.7031625025052,45.4350807263738,14.0498524700469
1836,3.98250049002717,52.9137502791971,15.4801538815705
1837,3.98938089482978,53.4555189661096,15.5313757168865
1838,4.61949312445017,62.4670692737887,19.5530460876296
1839,4.62213891877461,63.6091772330238,19.9159432804356
1840,4.62213891877461,63.5582435501342,23.2237900345914
1841,4.61949312445017,63.4781506196229,23.4461473006834
1842,3.08773361121486,59.7080724869147,23.3011664877431
1843,2.86079005433643,59.484103368653,23.1635244391243
1844,2.85571976414807,55.773316668629,23.1516711183516
1845,2.85319034865636,55.7473521555911,23.136427889801
1846,3.69708982569551,49.9725703831684,22.6342149705176
1847,3.70553506075936,49.8159330081717,22.6663591900177
1848,3.70553506075936,48.0740951933882,22.4732291332319
1849,3.69708982569551,48.1980444296066,25.0513777652207
1850,2.43322297350024,43.7069199523088,31.3403623562741
1851,2.36797945041856,43.2857492284194,31.0392526560478
1852,1.92470263283037,40.4509733981488,28.4631728981845
1853,1.80995586594832,40.9943789999924,27.8604543212968
1854,1.80576557493562,40.9802434684992,25.2895736667541
1855,1.80501885239624,41.3312340600944,25.2099101329501
1856,1.96101422482131,41.6050030387341,23.0216331967997
1857,2.02817459193807,41.3536148351313,21.0019735241779
1858,2.35770941062976,39.6871916995349,14.4900604543566
1859,2.35974051709291,39.5974663944708,14.4831069069675
1860,2.37194299265089,38.9400224293443,14.738103150787
1861,2.22745243403636,39.4314376282742,13.6607919759835
1862,2.22745243403636,39.4115839045707,13.1310313102425
1863,2.22694470435693,39.4764732467964,12.4466268456839
1864,2.36131355589232,38.5230172423477,13.1273540913448
1865,2.35823676513175,38.5717890456066,13.0205506175456
1866,2.35823676513175,37.6566400840476,15.2791313232775
1867,2.36131355589232,37.4857126649942,15.6280264129999
1868,2.36547566072844,37.4858829462156,15.6214033306487
1869,2.36670955332382,37.6470800816539,15.6179630280168
1870,2.38901680740151,41.1018486568848,14.7690173214494
1871,2.49211966001612,40.6351690069497,14.8237672997042
1872,2.66479904403879,42.8306833612192,15.4695239508024
1873,2.68762078525987,44.5726813433754,14.920820679984
1874,2.69613541966074,44.5308478583009,14.6392466017726
1875,2.68724899206414,44.5653520959385,14.5561594364367
1876,2.66466742597178,43.4611763933397,14.349624771656
1877,2.61156127584669,43.3660217651678,14.0107783975007
1878,2.49229385832849,41.1327176522826,13.2847188468203
1879,2.42651141908198,41.3926162206897,12.9555191529326
1880,2.33734975876939,41.2962038932606,12.4980319181462
1881,2.33684769166138,41.2821686884894,12.4144332504582
1882,2.3351873247135,41.2745992812038,11.5795040605402
1883,2.41296698508428,40.896743620776,11.8941549061627
1884,2.41128288832356,40.9059319441887,11.8877647036368
1885,2.40980194617531,39.6508904099013,11.8865233395966
1886,2.14909064029998,40.923857337544,11.3325249839563
1887,2.14909064029998,40.9301426436393,11.3325249839563
1888,2.14878201690523,42.4000964194686,11.3308899605786
1889,2.14889283369134,42.6148408220921,10.8914390047811
1890,2.78600288878591,42.359930085421,14.0063223389364
1891,2.78600288878591,42.527128780712,13.9032684561049
1892,2.78600288878591,42.5348741709437,14.1501969921291
1893,2.74888449923395,42.6299867677474,13.9536605704917
1894,2.6182629966718,41.4840035567179,13.2798067069419
1895,2.56576980662242,41.7135076283632,12.5717969135142
1896,2.46363376195386,40.8526460748197,11.6864073221578
1897,2.3919004523023,39.612457560212,11.1609071344968
1898,2.26748462242138,38.7052655346208,10.5152977010854
1899,2.24781501453684,38.30220302376,10.4829556257197
1900,2.20438643185234,37.9439891023187,10.1243674479148
1901,2.20438643185234,37.9439891023187,9.98154023070939
1902,2.20438643185234,37.9455880029866,9.54990839128642
1903,2.20520344450743,37.9840674224126,9.49971825500607
1904,2.20637292603756,38.0689788411604,9.43100122048587
1905,2.24931970585869,37.9258507710383,9.63762156134037
1906,2.25170970935589,37.990849170404,10.8018932069534
1907,2.25532357654777,38.3086808783271,10.8002864830624
1908,2.35964375174284,38.8543997168049,11.3317142828243
1909,2.37793268882622,39.2449943553639,11.418941755593
1910,2.37793268882622,39.7496634745796,11.6706811506975
1911,2.35968194771443,41.4625011414722,11.6092917836066
1912,2.1108479532816,43.2862014431812,11.3084047578055
1913,2.06144212707499,43.597416791401,11.0488415828606
1914,2.06068482367715,44.7137767213768,11.0515377300576
1915,2.1078286733658,44.6665104903045,10.9508921232049
1916,2.72608555713163,42.1441149081996,11.7093305726435
1917,2.74304427402082,42.4145076446329,11.4843863630325
1918,4.38456178188725,47.4441455366627,9.4136260083212
1919,4.40218198193862,47.3987556367587,9.02141356921791
1920,5.01887194463544,62.4326923033579,11.8429496201629
1921,5.01967983356069,62.9791937253471,12.3040966405409
1922,5.03639540646449,63.0523334941637,17.9649123510336
1923,4.91665737238591,63.1176480217464,17.5697350537269
1924,4.874483601285,63.2323427866372,19.4640863229389
1925,4.8380820212523,63.3417258207567,19.5634110541848
1926,4.83727057551245,53.3300572060767,28.9754591478552
1927,4.80648183112257,53.1618668471652,29.2868239647011
1928,2.31131819170779,35.1437088398915,17.8056499665538
1929,2.28797502962357,35.0086360957374,18.3967148564377
1930,1.23858418437972,40.1354456303008,18.8407518243916
1931,1.22005739359134,40.3173692700965,18.7445157520304
1932,1.21989241254612,48.3812431478478,18.8214508177208
1933,1.23745619172627,49.3438205936519,18.1170129957408
1934,2.59350822157272,42.9233340402794,23.4437752970976
1935,2.59257493812035,41.9165045589788,23.4582304702242
1936,2.58987059971437,36.5891840878069,23.4451419966295
1937,2.51870854065938,36.5879089063655,23.4504881929498
1938,2.2705986300587,37.5763648578626,22.4864767783264
1939,2.23047511751531,37.7766971044962,22.2736455713825
1940,2.23047511751531,38.1094209313514,15.6353215300196
1941,2.2705986300587,38.0742674168372,15.5884444200793
1942,2.2705986300587,38.1368640405748,15.5884444200793
1943,2.2275675200952,38.3082563444292,15.3588924437045
1944,1.73110285984262,38.39481428939,18.3909442625444
1945,1.71697738274225,38.2408551937831,18.8054758206714
1946,1.71697738274225,38.2408551937831,18.7964614316053
1947,1.73174343760801,38.1677054822531,18.8679251638328
1948,2.16888851278678,37.6648280014549,16.0264204105488
1949,2.17948788755736,38.2312498923975,15.7297098761211
1950,2.42718276309465,37.3145848033858,12.9891000346169
1951,2.42718276309465,37.4035342380459,12.8754485774612
1952,2.42718276309465,37.4088341235899,12.8754485774612
1953,2.37301679652504,37.6393073955725,12.8471706783884
1954,2.1928982519776,37.3465311957064,12.8769047379248
1955,2.12058124938677,37.6703570333973,12.8007253321766
1956,2.04978896853285,37.9980258810576,12.838918340731
1957,2.02551765309132,38.1225030526869,12.8192015064769
1958,1.99950422649347,38.291519932737,12.6908666381198
1959,1.99804586807789,38.4676790353066,12.5956305055117
1960,2.0014349362029,41.3369866943116,12.6212379419674
1961,1.99804586807789,41.6804196280811,12.6238153940307
1962,1.99560110292905,41.7041482564228,12.5684983526889
1963,2.00028274374771,41.6870779390203,12.5851291068269
1964,2.00739135979561,41.4123000093452,12.6059157915072
1965,2.01367729492343,41.3483897005771,12.6107749896429
1966,2.23575488060129,40.254162669774,12.0760247797795
1967,2.23613558785778,40.21986192132,12.0721795808996
1968,2.23575488060129,39.2598774484362,12.0695958630266
1969,2.17058024160926,39.4220435288921,11.7511219720897
1970,2.10738340294865,37.9802706070344,12.3863052028619
1971,2.06180294209429,38.1667509249774,12.4466135871853
1972,2.03389600259703,38.2859757900339,12.343685211336
1973,1.96480286174454,38.4310995938815,12.4457220728861
1974,1.84798494120065,38.7587469676503,12.2567365964129
1975,1.79173928930555,38.5819728906803,12.2757407105425
1976,1.79173928930555,38.5871516528895,12.2686047032497
1977,1.79173928930555,38.5986085249979,12.2528161193874
1978,1.82090077636386,42.1220804534973,11.9390098967267
1979,1.88667220130705,42.1016422525487,11.8646180645639
1980,2.38653169326836,42.9210262490849,12.1492850266814
1981,2.44955243218884,42.5948427318593,11.9607082606444
1982,2.44955243218884,42.5114762988654,12.057531627803
1983,2.44987328570863,42.4634958207305,12.1115703996605
1984,2.04096992328747,39.5333224191566,11.741469399046
1985,2.00169924121115,39.6278226431405,12.0221572031022
1986,1.93059090641412,37.6682527208862,11.6703897121666
1987,1.92988351909175,37.6666426455178,11.6690782455154
1988,1.92382699939181,37.8103522852462,11.2259217835191
1989,1.9377129152028,38.0215188257,10.5274639029475
1990,2.20461653722599,37.6342244830501,9.98209190532754
1991,2.30119133484865,37.2215733231627,10.2765826089704
1992,2.32570610215718,37.8294410676795,9.80075609302686
1993,2.32570610215718,37.844240433683,9.800418831415
1994,2.32586096435968,37.8435579635854,9.80115182219939
1995,1.96557325817647,39.5977127196339,9.24988766069843
1996,1.91716581538742,39.5585211909989,9.32666251090187
1997,1.19239584962237,41.0217203342297,9.28018153858293
1998,1.19239584962237,40.9789584218883,9.98283673506404
1999,1.19197626324395,40.9876927886231,9.96662176755542
2000,1.34384606843556,40.4330873752148,10.059988612936
2001,2.20318400843123,40.1802829467215,12.7221825738307
2002,2.30611018832993,39.7976347089498,13.2035898539769
2003,3.56203991466074,58.1657019293084,16.0234927900903
2004,3.58813556289902,58.1501767909734,15.7845962026511
2005,4.59499482858695,62.7512393827596,20.9969164443103
2006,4.61444861229371,63.3840198636794,21.0893435646756
2007,4.64963550019386,66.1465175352727,21.3419354915472
2008,4.633780099898,66.3091146045291,21.8637316998047
2009,4.62930252730888,66.3474073023914,31.2474723721188
2010,4.56361960858691,66.549400449721,31.6145345569928
2011,4.31937087039564,53.7876022292662,33.7630583857248
2012,4.22668284225017,54.1515145395984,33.3237809522805
2013,3.75730013263997,49.623706681104,33.3248592889187
2014,3.59111038641154,50.2361938200169,32.5330095243176
2015,2.51074605770552,43.301532496972,30.0698865207765
2016,2.50410059772435,43.1493229850958,30.0576954187637
2017,2.497800078608,42.6828643245818,30.0726797932264
2018,2.50415381682494,42.6530061937443,29.4464331442626
2019,2.56120390089735,42.3718791199265,26.2660777077834
2020,2.60271276636521,42.6990101489614,26.4861892751849
2021,3.01189052865479,42.1972429028076,21.431515430638
2022,3.05061809815566,42.0989905634918,21.5999321152702
2023,3.05184932572765,42.0939599603694,21.6000364657396
2024,3.01310618384301,42.2813743395215,21.4276363049853
2025,3.01099693461892,39.2356381182113,30.2705770731845
2026,2.71260975359604,39.4544120641333,31.7577429816626
2027,1.64358721048608,38.5593643246447,34.0161811468801
2028,1.64043707173438,38.5029703062795,34.0605493176973
2029,0.9004328318123,38.8662024790585,34.3758108024605
2030,0.877567567182866,38.9324276106065,34.2513586868873
2031,0.331252830019737,39.9807417436884,33.7390314758702
2032,0.31110852403495,39.7819704033849,33.7737698637815
2033,-0.43196761330726,42.2181414858191,29.8758302700418
2034,-0.433644506823003,42.0170768869955,30.1802649266086
2035,-0.436096964633923,41.9934003143443,28.3757809038278
2036,-0.361032333286134,41.7031379077476,28.6554839976974
2037,1.50595574720542,38.6435083718787,18.1628975988071
2038,1.50595574720542,38.6419955653868,18.1707663288112
2039,1.50595574720542,38.6425932888517,18.13321565163
2040,1.43517404563098,38.8478309997582,18.0066606293252
2041,0.941812987217353,39.6036800726588,17.4661907071291
2042,0.939869371103908,39.6135125004359,17.5257952096763
2043,0.940552064079491,39.6082906194123,18.0387799713964
2044,0.940552064079491,40.106379051919,18.8911500091449
2045,1.0088619769503,40.0946419065145,19.251433082551
2046,1.04150568644552,40.1293995867215,19.4073531348187
2047,1.04150568644552,41.0846941720798,17.1231703345735
2048,1.11837206871942,40.7129532972468,17.5300243094937
2049,1.12482552612184,40.6841603731578,17.522822351375
2050,1.01256417629542,41.0636781230137,17.0256736671614
2051,1.01256417629542,40.9970725914512,17.1413140817458
2052,1.1267273788914,40.4459180748548,17.7033352216611
2053,1.47264003395253,40.3831863979657,13.6756689578556
2054,1.49376113545302,40.3756733226882,13.6262856436001
2055,1.84343176276704,41.007552516108,12.6341983681927
2056,1.85251638514746,41.0353727519767,12.5644169378918
2057,1.86288248427676,41.0020934745539,12.5856982371072
2058,1.87112737550284,42.2319622467921,12.4964470218815
2059,1.8722150007293,42.2474371413564,12.4718608497048
2060,1.86489336032023,42.2891385974357,12.4239515353208
2061,1.67082379463199,42.9302256482589,12.7236153458554
2062,1.6701417398766,42.9356965658576,12.8965045127318
2063,1.66194232659026,42.9739027744521,13.0358570933255
2064,1.66187602964247,43.2573543969775,13.3514862883413
2065,1.66199389453884,44.6049356191095,13.3581956359237
2066,1.68600482665787,44.8083949302054,13.4867982188714
2067,1.6929763263057,44.7738192163141,12.2073269504692
2068,1.69329818136682,44.7730006987844,12.1432689703539
2069,1.7343447827562,44.521813233282,12.2283925233792
2070,1.79126988728377,44.2361116500494,12.4650967514614
2071,2.06880062252688,42.9012317633184,12.409918499314
2072,2.13411800508527,42.5695795176443,12.3743345468656
2073,2.12985015811269,42.5969016454248,11.2300644357102
2074,2.12891782620477,42.4662080749092,11.1735499228804
2075,2.2006033628088,40.2458559515487,10.4637631572392
2076,2.20011826656132,40.3038366898908,10.3621400078745
2077,2.19622481429942,40.2664891789581,10.8423616458484
2078,2.19622481429942,40.1801421836944,10.8418918967296
2079,2.19646873238731,40.1824799565639,10.8435187748369
2080,2.1267022957205,40.5066696754898,11.0436482688894
2081,2.12693850689225,40.4738742324201,11.3141022607341
2082,2.12693850689225,40.4738283756935,11.3700998576491
2083,2.211550001218,43.1110834879655,11.8214977217043
2084,2.2220904693777,43.0832821713925,11.8331834953785
2085,2.72517737335982,42.0522858785301,13.1984872397948
2086,2.72779988047417,42.0436603771165,13.0225833941659
2087,2.84761551174363,41.9854189182929,12.0071917202188
2088,2.86468616554497,41.9490013570419,12.0854219764836
2089,4.30565623420829,53.8826659577274,19.4956877114828
2090,4.35496625499059,53.8932796005128,19.3572849188997
2091,4.406069128073,53.907137864543,19.6223337860887
2092,4.406069128073,53.9059855329811,19.6938712580845
2093,3.63951999262099,51.9545887375478,23.3469778359387
2094,3.63817272573912,51.9380963230701,23.3779662877671
2095,3.63817272573912,51.8765378027642,23.4589010390539
2096,3.75728826311925,51.8010970160624,22.3770304614139
2097,3.75120277521206,51.7706165101059,22.3439697810362
2098,3.74768416762998,51.7978018324365,22.3258323020218
2099,3.37788957683677,50.2787986679777,24.1158789502826
2100,3.35844261109224,50.3134853959904,24.0184357531922
2101,3.35844261109224,50.3187488521942,24.0102729793065
2102,3.3765426594986,50.2635069400623,23.3412808687819
2103,4.08338265779703,47.6300249016329,23.7819613243781
2104,4.08488861051448,47.6257415836935,23.7066875203309
2105,4.08488861051448,47.6257415836935,23.6727125599894
2106,4.08338265779703,46.678177680968,23.6974008002936
2107,4.04955710036867,43.7359217637214,23.5359961880039
2108,4.04375728029432,43.5348614972786,23.287453737846
2109,3.88591564143508,42.7284998846392,22.5563278434496
2110,3.86309171117646,42.4809764064715,22.4380992785034
2111,2.68924843973911,42.8922297858476,17.678618515554
2112,2.68924843973911,42.8878239868344,17.747860620703
2113,2.68924843973911,42.8853825194917,17.7447319655692
2114,2.89242791079302,41.9532224821583,18.8089730683588
2115,2.89292397921953,41.9356135213903,18.8196735491907
2116,2.89307182843945,41.9182117661322,18.8455571755061
2117,2.30032938291028,43.1888556417686,16.38344813006
2118,2.29689445729764,43.0816571366995,16.4086383552557
2119,2.29886990205046,43.0619030336075,16.4211095098336
2120,2.29886990205046,43.0502090336591,16.0007559456024
2121,3.18154978238626,39.5356704963762,13.8059872684825
2122,3.17952264535425,39.5556952186603,13.7541475133071
2123,3.17952264535425,39.5497865771633,13.7462315622063
2124,3.12673243963651,39.130664152236,13.4734825988258
2125,2.93363774761733,38.3297337065486,12.3780673263964
2126,2.93363774761733,38.2981681989482,12.4075940668412
2127,2.93363774761733,38.2909300363216,12.3291848807079
2128,3.02836141074263,37.8658211809989,12.8237250243631
2129,3.36511357212308,37.5649582777196,14.4675330440273
2130,3.42899667208295,37.2955251989318,14.7826713852265
2131,3.43020747243515,37.407884350453,14.7529710386918
2132,3.43036757919128,37.4071070218898,14.865347115533
2133,3.17252431407177,38.7255945449737,14.3235286627563
2134,3.08717390277441,39.3282701001087,14.7616002168007
2135,2.75178003504329,41.324754126515,13.0451488385898
2136,2.75038262026861,41.4018069424755,13.0866314630978
2137,2.73557834470586,45.8140029981436,12.3014227707158
2138,2.73557834470586,45.8662075410897,12.2267607213462
2139,2.7999524241008,45.5846631505857,12.4555135708451
2140,2.81779521789256,45.497266764964,12.5424085723147
2141,3.06714170277715,44.2929561307739,13.8427005975363
2142,3.10845889080817,43.8403285509406,14.0326220097914
2143,3.16502807578989,43.2252519804034,13.9839770487405
2144,3.18797084960898,42.9042192032974,13.8750155423834
2145,3.25246891958436,40.9480203430427,13.8204889899212
2146,3.26135108314931,40.6623182825469,13.9040616593151
2147,3.26767491573303,40.6104297975159,13.8383784032883
2148,3.26977078331046,40.6006828270373,13.8157550905811
2149,3.36658702390386,41.2022244932456,14.3216974081619
2150,3.42419789126455,41.6026006929945,14.5049307685717
2151,3.42303219310983,41.9651128222167,14.4403903703431
2152,3.42303219310983,42.0342456366739,14.3272892558373
2153,3.4215921034514,42.0415709993029,14.7178688006129
2154,3.33191095500939,42.3167695319004,14.8147022107288
2155,3.04286120314232,43.6537378042703,13.9003654039581
2156,2.81805096753315,44.7209662084115,13.1908289511069
2157,2.81805096753315,44.7146650954682,13.2035195285543
2158,2.81805096753315,44.7113658659734,12.7519094720245
2159,3.09599109626261,43.3616281306969,13.6860126714969
2160,3.14318844678491,43.1164283930625,13.8533230367856
2161,3.34438343273106,41.9582313736529,14.7163022817566
2162,3.37970849383102,41.5354825945767,14.9073725946464
2163,3.48451130675226,40.9311143264142,15.4545451825591
2164,3.509966671937,40.79965210337,15.4564269990554
2165,3.66241561945897,40.0720072074989,13.2482079495173
2166,3.66962175425169,40.1774262994071,13.261547801855
2167,3.66962175425169,40.178541471599,13.261547801855
2168,3.66254179264826,40.2120558527626,13.2510596252321
2169,3.57062198601651,39.3304005418603,14.5061735040141
2170,3.56795117183582,39.3080230717981,14.506539698265
2171,3.41311552062978,40.0463642781255,14.3880389532812
2172,3.41274816178415,40.082800657442,14.3909458197507
2173,3.40438427673645,40.6240343288653,14.3814529277223
2174,3.35644562130899,40.8454726549498,13.5737693488938
2175,3.12279640795913,41.9608269501296,12.3442604388331
2176,3.06096628683328,42.230281274234,12.0270851494862
2177,2.85604160277159,41.0224844587215,11.1816574334858
2178,2.83392508243729,40.4811125227594,11.0807590052266
2179,2.83433161022834,40.4736801136603,11.0768458945791
2180,2.85720541321293,40.363477873064,11.157175378796
2181,3.34929358423808,37.9935536157096,13.5042399120693
2182,3.34874590928886,38.0401409663016,13.4969374305186
2183,3.34874590928886,38.0271132442361,13.4778478881391
2184,3.29610922344012,38.2514528043298,13.3625981162334
2185,3.11113858520296,38.6719270798167,12.391792286977
2186,3.07668139187477,38.8586995484745,12.6318417283976
2187,3.05918829104044,38.9364269740882,12.7303548791817
2188,3.0477349913266,39.1895947108998,13.0431374819343
2189,3.04958484103773,39.195700085186,12.5043358054887
2190,3.05544371180366,39.2189797099718,12.5425782403867
2191,3.06666053250485,43.3050711295039,11.0557366251495
2192,3.11913090662111,43.1344176046142,11.3321215547498
2193,3.11878804045051,43.1532623752153,11.3049264283192
2194,3.1181550209742,43.0794835546964,11.6939978935195
2195,3.00348971611463,41.7694103809737,11.0940645524888
2196,3.00348971611463,41.6778495472549,11.2146573963433
2197,3.01000586062248,41.09502993471,11.6025446651814
2198,3.03089805109424,40.4806780442386,11.7137364811789
2199,3.03089805109424,39.9697785526239,12.5995739129385
2200,3.03089805109424,39.7474319558637,12.6704044360255
2201,2.77117425979792,40.1417569566039,11.3182702400155
2202,2.74688009057156,40.260050290153,11.1661950765494
2203,2.74688009057156,40.260050290153,10.1064897507857
2204,2.77084380186566,40.5550870488955,10.19214407788
2205,3.06755273862787,40.2900400039989,11.165525320395
2206,3.06755273862787,40.3757556716111,11.0486060518905
2207,3.06755273862787,40.6614028775521,11.0374626518825
2208,2.99427549273637,41.0133368227416,11.2510618818785
2209,2.37309856010507,43.980318061916,9.93715054723164
2210,2.37307280725296,43.8023641825575,10.0270666955569
2211,2.37307280725296,43.6447548534078,10.0786141345848
2212,2.40053415084043,43.3726131485343,10.2411074196851
2213,2.46763331121702,42.697997340727,10.5603408878811
2214,2.49036716657352,42.4998497417703,10.5463544605685
2215,2.53152636019729,42.2486445642879,10.5754571646362
2216,2.53886911611783,42.1845498605583,9.41971257637613
2217,3.15198554432833,39.1656128337053,10.8830300706871
2218,3.15198554432833,39.2893753781878,10.6569132388197
2219,3.1528386183109,39.2767601364991,10.6614133174624
2220,3.10331690862881,39.4084452498932,10.4229612968303
2221,2.91363934666401,38.5475556930716,9.47481869707889
2222,2.86441866729684,38.6212397843242,9.29046923927078
2223,2.8651739400831,38.6173694901875,9.32057362312741
2224,2.91702273004098,38.3837841645618,9.49484452812191
2225,2.91702273004098,38.4134931523113,8.72827713663603
2226,2.7644826376709,39.1806351454245,7.88261822232664
2227,2.75673212464726,38.973855489016,7.83517659850655
2228,2.72988911421486,38.6569852297706,8.34281903598462
2229,2.62115326554099,39.1346866699819,8.44222387315178
2230,2.57039380852901,38.7190855231193,8.44636873642188
2231,2.56586087540316,38.7058585141531,9.16714254679212
2232,2.55836648127589,38.5175540405763,9.51043080968297
2233,2.06642976789028,39.7264697124124,8.83744005004579
2234,2.01265603373384,39.8136107907813,8.59199577507479
2235,2.01366673374879,39.7905094220253,8.612789597491
2236,2.06745845207967,39.5304780383411,8.71358450023862
2237,3.1177942810928,38.068357009567,11.4243786995086
2238,3.14584378998155,38.9619400526944,11.4465679654721
2239,3.74057462157464,47.6056542776504,11.7763971645167
2240,3.74746467916412,47.8229507855661,11.6970020870563
2241,4.72518059548761,70.0130850308351,16.7462832797277
2242,4.76412887635818,70.4055116026317,16.8817072066795
2243,4.77732482210004,76.3335285703817,17.3359253064946
2244,4.78795706868193,77.3626040239515,17.8344406082541
2245,4.74394652641696,77.5409104161536,38.6419236662894
2246,4.46487220761562,78.705667094332,37.3858436662557
2247,1.92396244423761,41.6508413946776,43.4326677367536
2248,1.9033100497369,41.5378635096474,43.4047162888928
2249,1.41421524387613,43.8450812932632,40.9347168817451
2250,1.39560279092126,44.2546883005509,40.7035322685961
2251,1.3867735187069,53.7666799413877,21.0589361704735
2252,1.40275043471855,54.2946266141196,20.7030362848304
2253,3.58094972790947,55.0481566924484,26.2594241926179
2254,3.58944243980957,55.005365151074,26.2643184637829
2255,3.59139118567263,54.9843965313626,26.2935281721517
2256,3.59320165816211,54.509383893023,28.009923863135
2257,2.54048714023654,42.4667262999594,36.4434480177029
2258,2.53913318926305,42.4382291835786,36.4430438375574
2259,2.04001463214741,44.4656891927581,35.2273111707939
2260,1.96622392072405,44.8241691795569,35.9122300828062
2261,1.92404685266641,41.5213862608024,37.3386476404354
2262,1.92258301030237,41.4974638084801,37.561489987772
2263,0.898609071972409,31.31870699623,32.0118684870287
2264,0.892858047831,29.592446305091,31.7392013251887
2265,0.690694388978834,30.6200693974866,29.3953281804223
2266,0.675038055158027,32.4309044671106,28.5635186133229
2267,0.676626915614878,33.2018043597572,25.8222917317072
2268,0.69297275747336,33.8471549528355,25.8891453553739
2269,1.31113293189884,38.3501027378834,25.1379106003159
2270,1.38209223164356,38.0692759274082,25.4638289139573
2271,2.03234571927957,40.5693123122913,25.3889027696161
2272,2.03214615303426,40.6138918829077,22.1142955686658
2273,2.60985836952538,42.4112683389284,16.6446064155161
2274,2.60939591100023,42.4296075616505,16.621833932867
2275,2.60718431862925,42.460014328067,16.5971832798815
2276,2.56055381341658,42.0390960485499,18.2262265541201
2277,1.84881793443991,41.6549683220373,22.188835147837
2278,1.84528742171906,41.6290780835737,22.2285972781983
2279,1.60533156831935,38.8538031537425,23.7033383054289
2280,1.594246095343,38.8884135607172,23.6571099150875
2281,1.56153098690056,39.0098261257621,25.5799876765597
2282,1.56153098690056,39.0096166767923,25.5799553622287
2283,1.56153098690056,39.0096166767923,25.5852002276262
2284,1.61291952279444,38.78335942946,24.7154587832535
2285,1.8405393229682,38.2494274914888,21.5293934413173
2286,1.88070988112897,38.1740972228369,21.7361644448928
2287,1.92189125692153,37.9701285304146,19.0557885116244
2288,1.92285257502335,37.9428613631856,19.0860664260023
2289,1.93111491030741,37.8749032595814,18.5047757036737
2290,1.94394437528646,37.8129739049386,18.122085480971
2291,2.06461039320942,38.5650863088136,17.0803121260793
2292,2.09617460683854,38.4308419517289,17.1762340324497
2293,2.09617460683854,38.4497689973237,17.1581233127131
2294,2.09580231910018,38.4310903430003,17.1761185494675
2295,2.06240007869828,38.5239099203406,16.8885974559239
2296,2.02924617162355,38.6434870326344,16.7497613982459
2297,1.76045122818867,39.2858640585955,17.2940485367531
2298,1.74536905932342,38.865202649025,17.2796053583107
2299,1.23898768860468,40.3308553198602,18.342232229601
2300,1.23898768860468,40.3241986801041,18.3749178985175
2301,1.23879194283295,40.3095274862516,18.3963865713796
2302,1.25786592051161,40.2502599724415,18.504736122315
2303,1.52573685543547,39.3464777934902,17.5455388472725
2304,1.53137767744956,39.5487263750863,17.2724837372352
2305,1.7537617916719,39.3143434470034,15.9848974339653
2306,1.76969504298541,39.5388479378388,16.0458297488999
2307,1.78099250712818,39.4953186592952,15.0695655309301
2308,1.78239751705452,39.4817297145552,14.9216592818655
2309,1.84312385522358,38.7507794837073,14.9937605219047
2310,1.84441973760695,38.7520624665073,15.0413246797119
2311,1.8475726948594,38.7389600789587,15.0572194739418
2312,1.85351029712981,38.710390953242,15.0473012123313
2313,2.10665909653978,39.7698920630558,15.8915253242095
2314,2.11699333595101,40.2469105721395,15.1416685935705
2315,2.11844439944186,40.7600735459325,15.1536991297701
2316,2.10873118601185,41.2320137066664,15.9093751126748
2317,1.87911017576387,44.282510003161,15.3735058878086
2318,1.8800946897604,44.8670939610872,15.3744964896
2319,1.88106645729776,46.0915900300943,15.380355363875
2320,1.94555795042753,45.8561152799687,15.7114841971044
2321,2.0202764360269,46.3820051182945,16.0223610834236
2322,2.05130706646768,46.7646902857753,15.9917696785183
2323,2.51758436481241,50.5921352256216,16.9751692380313
2324,2.52562590292349,50.6954183478779,16.9362416711947
2325,4.47936648358906,79.9019202764673,24.2807993377455
2326,4.47941227439414,80.0409830114596,23.9478134133952
2327,4.56096068639531,79.7606468592603,24.2688114656996
2328,4.53004790229307,79.7873640486301,24.0673701441995
2329,4.04403176408407,80.5976670145043,36.4020859867406
2330,4.0180961840644,80.5020033115313,36.5460929664711
2331,3.51453019187826,73.161960189991,53.0930471485671
2332,3.18653367892499,74.1171708098111,51.9387692285038
2333,1.17778787262528,38.3339076805551,42.2412770715668
2334,1.17470872473648,38.1956089720504,42.4559173853313
2335,0.715249024732506,28.7001527533006,40.4860457875422
2336,0.710983641980837,28.7247700880976,40.4600137486954
2337,0.710983641980837,40.18372863312,40.4598958688365
2338,0.714635480949425,40.19295660283,40.1325214468757
2339,2.34266076718561,48.0236640998364,25.2934121012626
2340,2.4318595408631,47.6638118521413,25.549864926928
2341,2.68788226262112,47.3439509402778,25.3242935172808
2342,2.71485114441087,48.231777078068,25.4171788937849
2343,3.57839907827835,54.0776463599476,25.3434480675353
2344,3.60004041001945,54.0370181259005,25.4190525439386
2345,3.60004041001945,54.0585220388956,25.3840655286134
2346,3.57649596536856,54.1234421888057,25.287770140029
2347,2.5120305593403,50.9075815608679,32.9404989703994
2348,2.49290560591559,50.5535523456681,32.9561964905042
2349,1.34000087084638,37.6972403889784,33.5610086177189
2350,1.27107454448266,37.9908255979295,33.1952295695471
2351,1.2626347191855,38.1082599208279,33.0424920151577
2352,1.27752226240006,38.1150745187748,32.8722809603625
2353,1.27752226240006,39.22047654944,30.0335317946119
2354,1.29592171488647,39.1835012969206,29.849559283435
2355,1.61099785408308,39.5607999574136,29.3106417424248
2356,1.62053832029408,39.7151766015099,29.3837439262875
2357,1.65129304569718,40.5181875969133,29.5794071161566
2358,1.65126834845723,40.8217256088038,29.5908153653502
2359,1.65129304569718,40.8216087041309,30.4464602399947
2360,1.65921756865454,40.4992362047846,30.9854862389931
2361,1.65919275302508,39.9820716922883,30.9673490955554
2362,1.65671355752742,39.4275862342092,30.926471572329
2363,1.21537891053231,39.192192635612,27.34775079209
2364,1.19300517891912,39.2932304995208,26.9969718394333
2365,1.19300517891912,39.2903208788339,26.9530604175431
2366,1.19391344037802,39.3081650413191,26.8466039594313
2367,1.50154832003499,39.2907264787906,25.777385556713
2368,1.50163478409286,39.2846177844575,25.4931055817074
2369,1.50163478409286,39.4928025947302,25.3041488753413
2370,1.48376783378193,39.5065464877572,25.016520299894
2371,1.48365847731391,39.8993730978757,21.5707745674008
2372,1.48360370293608,39.9839003926908,21.5437564650622
2373,1.78600837599031,40.2768116384861,19.9712949261135
2374,1.79141127847802,40.2531466735819,19.9452037978454
2375,1.79141127847802,40.2546958339703,19.916555111723
2376,1.78446964150652,39.3654726788111,19.9225706612171
2377,1.47449268582319,38.7765898790193,21.9609537936368
2378,1.44266726960962,38.6864763746724,22.0818213547049
2379,1.36527940243133,39.0562720673341,22.2459057409933
2380,1.36552194045253,39.1051170504273,22.7442893077126
2381,1.3603269299304,39.1249166052365,23.3976415927952
2382,1.3245245807445,39.2595122875356,23.7211878369316
2383,1.32485991780834,39.2995569812493,23.7219901225232
2384,1.32485991780834,39.3118896130885,23.7219901225232
2385,1.35975281063752,40.1994061702463,22.5628989490517
2386,1.42270495944634,40.410873214207,22.2396697660231
2387,1.46780077970593,40.528465011324,20.3982003486411
2388,1.48331873220376,40.5049674632332,20.2706882180952
2389,1.76108352500378,40.5789785393973,18.4889046744319
2390,1.7648407560125,40.8330231409763,18.4650002649739
2391,2.10708220089902,42.033280767683,17.5737413512343
2392,2.10739829263619,42.0326164788693,17.5754561172969
2393,2.10739829263619,42.0336810440817,17.5754561172969
2394,2.0634150205058,42.2491076737431,17.5166341983479
2395,2.0634150205058,42.2518584088091,17.8361446030794
2396,2.02828196776472,42.4989443812389,17.5827315780335
2397,2.02705175828395,42.5299489623285,17.5944010253095
2398,2.0150146073664,42.5878022778787,18.0039196208913
2399,1.90569195804837,43.1133371383358,18.2651326076379
2400,1.89834239816166,43.004878619978,18.6416354325553
2401,1.73991524452611,43.3501344279156,17.8054261030665
2402,1.74024502989926,43.3194644593173,17.8007863586732
2403,1.73996536384921,43.3259984095595,17.6344162898483
2404,1.74334341648677,43.3517740401025,17.28718131168
2405,2.26954831521609,42.6858235080752,18.5402891210965
2406,2.2864967935889,42.7611757353627,18.3968415300116
2407,3.57578513798279,45.2340570427112,19.2955349205288
2408,4.3446045782062,62.5673117470508,22.8878613382378
2409,4.34625468345254,62.6019498906264,22.881136361123
2410,4.34758715263518,62.6252340280816,23.1783077663117
2411,4.16462318553912,66.771579728847,27.6246317927083
2412,4.15746859899394,66.7870590008245,27.7909232974179
2413,3.97907239273763,67.5157514273104,30.4865650132884
2414,3.91055241558591,67.4174129470855,30.3676942451262
2415,3.896075881387,59.8475598047932,37.9932639818782
2416,3.86235011011021,59.6133658751999,37.9039886622465
2417,3.84955751398605,58.5938058396026,45.3371905944599
2418,3.84571357136199,58.287258564049,45.4105838737923
2419,3.76351709089323,53.1103782225412,42.0276839851937
2420,3.69598104450009,53.4108927844746,41.6788741384073
2421,3.68554181543235,53.3590508174236,41.6761161682662
2422,3.75208975585712,53.3789096413439,41.7014511235917
2423,4.10251238288505,52.7258037574849,38.3857831434951
2424,4.14773826174996,52.5702745586921,38.5867517236153
2425,4.1455629913433,52.6079439264809,32.9137137503194
2426,4.16442214081689,52.5258868553598,33.01287498476
2427,4.16650974679265,52.3064315779303,36.4805526296158
2428,4.29572037350032,51.4134551778135,37.072828509945
2429,4.33620576267652,49.6618677175511,37.2004583349931
2430,4.52122373947178,48.4528164443549,38.3370822048828
2431,4.5179447268445,46.906716880464,43.4012312553642
2432,4.50968297969838,46.9190163131175,43.8881769771112
2433,3.75948584870577,43.6499688665593,39.9754406661225
2434,3.73134053990646,43.7079369052309,39.3200411970374
2435,3.0171470894548,44.4213101494224,35.6609222399015
2436,2.99638187090404,44.3476604621381,35.5492492142959
2437,2.18476815824816,44.7054337982029,31.3188754011349
2438,2.18294021981284,44.179443902505,31.6506447042326
2439,2.17681804491464,41.8618388619908,31.6163348998578
2440,2.19863547355024,41.599794204952,31.7298756587483
2441,2.24668938100217,41.3728347683735,29.8398660743557
2442,2.27153519769333,41.4144003785465,29.7611109082906
2443,2.50827660302793,41.292867451211,25.6530096884069
2444,2.73802403042556,40.3203092726571,25.5107828111516
2445,2.86084085809114,40.6796494754357,23.152773803972
2446,2.87943904961602,40.9290762231854,23.1720229090217
2447,2.87943904961602,41.0573546879078,23.1314593516824
2448,2.87943904961602,41.1921985752701,23.1377780416232
2449,2.87898472237874,43.5092523533411,24.1641635870045
2450,2.82401785977313,44.1527547263472,23.9042688163908
2451,2.72168440624324,44.64279656449,30.6817690532849
2452,2.71393764933754,44.6793048958772,30.6542148310727
2453,2.25312006132621,43.2195639674395,28.2650948206117
2454,2.16206822295999,41.8937188883394,27.8943803921837
2455,2.1591339109315,41.8769693683325,27.5021180026145
2456,2.15805034931635,41.8728921703976,27.4292687893769
2457,2.42186194971726,41.2630844599678,26.9565203358539
2458,2.45404866663113,41.1218412068344,26.9552584574045
2459,2.62656476922134,42.3021999642254,26.3834780429453
2460,2.62707069168075,42.3076472543707,25.275437941255
2461,2.62707069168075,42.3193081314414,24.956460507195
2462,2.60833137864562,41.4843269118294,24.8372769894566
2463,2.54672644489291,41.7794449791675,24.4848817305793
2464,2.54226308205578,41.8168942362911,24.5524758138629
2465,2.54226308205578,41.8490597901955,25.5019484502969
2466,2.54235732135605,43.2353751369389,25.6497900118465
2467,2.55296178708842,43.2101472282964,25.8938550299902
2468,2.55408792953167,43.2625728956408,25.8916235947765
2469,2.58051191412495,47.0402447785937,26.0300263433294
2470,2.65361071214074,47.0145288471286,26.1453079261771
2471,2.94423531982925,45.648403110873,27.1051065926539
2472,2.94423531982925,45.6492065328167,27.0032491632066
2473,2.94423531982925,45.5397875940679,25.4035016256166
2474,2.91934489378707,45.2746390222679,24.7747189788387
2475,2.91934489378707,45.279200864954,24.0414174520677
2476,2.91934489378707,45.272222354486,22.9083041244037
2477,2.99725465185027,44.8817446687344,20.8438045216076
2478,3.14328403623171,44.3648605835591,21.1978011778261
2479,3.14327923342196,44.3645774796479,21.1982902576363
2480,3.14327923342196,44.3620770832128,21.1874570760372
2481,3.06091141900746,44.6571205252263,20.9651051511694
2482,2.90734071416829,45.0142231790641,20.6278205497041
2483,2.90734071416829,45.0238312819887,20.6120006953984
2484,2.90734071416829,45.0319000538748,20.5987125760891
2485,2.90647483207201,45.8857997861213,19.7866706917295
2486,2.90564746577797,45.9046087747682,19.787444182248
2487,2.82515132230088,46.2305008697255,19.36499159008
2488,2.7944185858821,46.3394665218615,19.2692722358286
2489,2.7944185858821,46.339544600404,19.2691444063217
2490,2.7944185858821,46.4643313736703,19.2691444063217
2491,3.83795374278711,42.8139365210635,17.9734578940281
2492,3.85176874382936,43.0254107927086,17.7716563551273
2493,5.19095455571215,66.8045325899881,24.466758178589
2494,5.21410338473782,67.3452401045286,24.3901838700885
2495,5.22852318948683,67.5064752477423,24.5034508154979
2496,5.23128311267271,66.9224358322786,24.5208828337773
2497,4.16338994371325,69.5047437025801,28.194094795218
2498,4.15729067056653,69.4486226688256,28.4212827043214
2499,2.52053575271639,51.5861076100661,40.8142604826102
2500,2.38057568735991,52.0897499849322,40.2993857622945
2501,2.21885210887837,52.6845903375239,39.6347761642157
2502,2.15888617218845,52.9491860979727,39.2480203694377
2503,2.15553792308687,52.9249689522016,38.2421626025803
2504,2.15320659560875,52.5206463661646,38.1945520326571
2505,2.38301852255943,51.4332211875748,26.5803124630081
2506,2.43298197634142,51.204061880958,26.682317310027
2507,4.02086086901948,49.3018221976381,25.9518070211869
2508,4.03093256204328,49.3113051043962,25.9684888867174
2509,4.84710939701599,51.6551440686337,27.3454876560957
2510,4.86085862599464,51.6325608495829,27.3251969007129
2511,4.86085862599464,52.1769005875982,27.3102722357421
2512,4.84710939701599,52.2885794043858,27.2178349150922
2513,4.75191616264066,52.6611783562148,28.0158296181842
2514,4.53909026230179,53.5286000643516,27.2768155247108
2515,2.06351202732228,51.2412879850649,32.3222057221333
2516,2.01628494037322,51.3815617746528,33.4680970296246
2517,0.682180823190859,46.3257243833543,37.8321556633877
2518,0.682120004791287,46.322206197346,37.8254215939122
2519,0.673293792765645,45.1285283806011,37.7688640934277
2520,0.688754064903522,45.1358572706246,35.968789280356
2521,1.11315482309102,43.1673374656307,30.8216799176631
2522,1.16011564469819,42.9762683550926,31.0400538695365
2523,1.16352850193189,43.4379266981937,27.1880954249401
2524,1.20795266148916,43.72179675362,27.3206992498106
2525,1.97910326241685,44.860704900705,17.4057847420132
2526,2.090480935666,44.7928612720251,17.9621288913062
2527,2.37817064168646,43.5528702087023,19.4196422194505
2528,2.37819376323225,43.6042513496343,19.3881407384708
2529,2.38272708578374,43.5882666772459,22.0009387536953
2530,2.38109464378219,43.5629339549815,22.3520869662175
2531,2.22303379045414,44.1047653067703,25.3313750296404
2532,2.21526226352477,44.1417156788273,25.3506999188665
2533,2.22885427543483,43.960655388924,28.6885207848298
2534,2.21233884926761,43.7115385322781,28.7203634181127
2535,2.07079613352433,43.7726308123728,29.8052560762302
2536,2.04112842571383,43.6964706759089,29.7572788296233
2537,1.93160310693078,44.055406060118,29.2236271353471
2538,1.93160310693078,44.0448634410376,29.1694932833994
2539,1.93215479095,44.0570591401406,28.5734322355648
2540,2.03990347697321,43.6274382143329,28.5237123816366
2541,2.66338780129066,44.1751985400766,31.0002228910036
2542,2.67327589223392,44.1443537938957,30.6290247727069
2543,2.67327589223392,44.1673440200302,30.5923303497683
2544,2.65842355727974,42.6557945375344,30.5042154020508
2545,1.833649044898,40.6772561060565,30.903906559665
2546,1.8273791737661,40.6805714376624,30.8800587724517
2547,1.82197326517414,40.6841985296397,30.8515289850903
2548,1.82811330117296,40.6437074300301,30.094949532566
2549,1.93100723889725,40.9162982954098,27.5226956237495
2550,1.92735959924188,40.942840112891,27.4736520715047
2551,1.92735959924188,40.9455125509566,27.3861606732269
2552,1.88165661926404,41.0864511386961,27.1307977487044
2553,1.87934182827771,41.097418277684,27.1249716643876
2554,1.87924648125028,41.09821470498,27.0484223426932
2555,1.87924648125028,41.1933143083212,26.8580699509473
2556,1.88571170301203,41.5368049409417,26.3396104215537
2557,2.43451010576841,42.0572926492538,20.9863753944168
2558,2.43544950381042,42.173768445515,20.9754013207044
2559,2.9112685225485,40.9705727365702,19.5874271992148
2560,2.91253285984094,40.9669108159852,19.5472863564336
2561,2.91253285984094,40.9691491450291,19.5472863564336
2562,2.91327552042722,40.7965371643075,19.584030025819
2563,2.47455494943173,42.3243988930305,18.4954060903316
2564,2.47780149387889,42.3152227083384,18.6021293557293
2565,2.48268096455762,42.3294780125598,18.6270495976808
2566,2.60790836877132,43.7358559217552,19.2066170928879
2567,2.62145452254489,43.6909197012437,19.2620481231018
2568,2.62274212086216,43.6947167056675,19.1884050490598
2569,2.65324714965859,43.7646741001107,19.2884126910934
2570,2.676069093892,43.9568980322902,19.4040652867632
2571,2.83046611428129,44.3436951239164,17.8244154421021
2572,2.90565271535582,44.2304039467564,18.1253234647732
2573,3.50713126478307,42.14358759803,20.6370297591397
2574,3.5565226503715,42.6884982906888,19.0640748611546
2575,4.22043762170171,66.5328542577804,18.9259931829821
2576,4.26970314997115,66.3504068326052,18.9733139018262
2577,5.38172207355037,67.0786350068446,24.7003700637054
2578,5.45610048392228,67.0137769847276,25.2337173520161
2579,5.47654367301869,66.9326738642651,25.3551921925527
2580,5.40429262234084,67.0065922429819,25.5774227753462
2581,5.14665376360139,62.806691091455,28.7271834806335
2582,5.12732672564941,62.3994599092665,31.0774882204674
2583,4.95342754274928,50.4592226070198,42.5738413888168
2584,4.95198411020942,50.3859384388545,42.6783880833303
2585,4.11085618083092,51.6247150370695,38.2862107522706
2586,4.10455508163965,51.5898633797607,38.2899463779474
2587,4.10455508163965,51.4182774336317,36.1893000409985
2588,4.11022414502608,51.4404622349553,35.9086098913563
2589,4.86405730499609,52.1796421792073,28.342398273439
2590,4.94056623236481,53.2333897329106,28.4203692666053
2591,4.9608947686855,53.2011097546402,28.4232504117047
2592,4.9608947686855,51.9793489786704,28.4214270783576
2593,5.10791293901304,51.3079895229859,31.0833195636602
2594,5.10092478224326,50.6424937892449,31.3082976820728
2595,4.88961975869104,51.5162162439752,30.3204826029622
2596,4.78849330754709,51.9489928756881,29.5529576706461
2597,4.6344428482677,50.3269723817651,28.7938772134438
2598,4.59068237339197,50.4649036351833,28.7286694563864
2599,4.3674983666593,46.9610401605632,27.5993787071436
2600,4.31051393850413,47.2079763570041,27.3211551288839
2601,3.71101685061375,44.9209400815221,34.5117595114212
2602,3.68885088696891,45.0083578776763,34.4648253339696
2603,3.53858326854954,44.080527750014,35.6380963358321
2604,3.52850689574945,44.052960571214,35.6004925991015
2605,3.52058037193993,44.0736441531925,35.5775243893714
2606,3.51709025288823,43.9512334718445,35.3869758832017
2607,3.40153849172634,43.3970927009034,34.7847326555942
2608,3.32727307556198,43.7144401949814,34.3874670043968
2609,2.8879553329474,43.799556846739,31.6939079358358
2610,2.885471581122,43.6146923615537,31.6733543976215
2611,2.88003988295536,43.6241215251752,31.6398123888208
2612,2.87789087854399,43.6406757947179,31.3486044527808
2613,2.92441596301582,44.501817737967,31.1568472412715
2614,2.92736564952108,44.5963974094497,30.932742072938
2615,2.9484012535835,45.271962785407,30.7960999327509
2616,2.96051689604733,45.3732742853346,30.519067529877
2617,3.08903456417081,45.1724234562682,27.3515511329961
2618,3.17067756603005,44.8201493286707,27.3394971293512
2619,3.17161473566174,44.8058486667697,27.3424676842507
2620,3.17169807621265,44.8086579587583,27.3132669103525
2621,2.91478217823535,44.2940595757049,26.5168232708686
2622,2.89502912362391,44.2682990154765,26.4134554448278
2623,2.8943484220185,44.2646339286319,26.413145393724
2624,2.89277007158806,44.2609031545178,26.160669256032
2625,2.97050098199607,43.8339967985877,25.6382803283134
2626,2.96860944831569,43.8328567159678,25.6517115620484
2627,2.96453636129351,43.1833849275756,25.6463409910054
2628,2.86534703163768,43.4466233384788,25.3464822954223
2629,2.53499225282314,43.8744936045474,23.6378908201707
2630,2.53499225282314,43.3615434057731,23.7544374468667
2631,2.53499225282314,43.3615434057731,23.7477404130664
2632,2.54671510462941,43.3102741388326,23.792215111309
2633,2.82640611200588,44.1641571623751,22.7308661801441
2634,2.8313856081145,44.558468458135,22.5383594335426
2635,3.31047241622778,44.1763643204539,21.0124219208498
2636,3.31095896730436,44.4739690405244,20.9849000815676
2637,3.31188293612915,44.4736327394097,20.9895077766052
2638,3.25445726590365,44.7388685682513,20.7352855349028
2639,2.78818186805005,45.6794038664353,21.1934415723393
2640,2.72697862318976,45.8212618153021,20.9809269868028
2641,2.5751945391985,44.2688689649378,20.1880796000627
2642,2.57412441342836,44.2645448909961,20.1642039655658
2643,2.57333467138228,44.2643059002459,20.1876591456936
2644,2.60225550524428,44.4533170471875,20.1612611607887
2645,2.68402653112556,45.5034789142202,20.4450553540682
2646,2.68013200174231,45.6198118792905,20.4349149497172
2647,2.68013200174231,46.2021167910409,20.4588675961584
2648,2.6642055165678,46.2750592193041,20.4651091041208
2649,2.66989581771997,47.1711347354799,20.8665554491057
2650,2.66989581771997,47.1276342412848,20.991417794566
2651,2.69869486674434,46.8720245524199,21.1422379406024
2652,2.70905390777796,46.815657435778,21.1493467919349
2653,2.95147310106993,45.81203873664,21.782060715672
2654,2.96770272415874,45.8563016623276,21.3895187717679
2655,3.12740544877282,45.3421756695294,20.7363094615249
2656,3.18438131252206,45.4100668108319,20.560371428974
2657,3.18468002640137,45.4043449602313,20.5633569588188
2658,3.18664729602831,45.3906842146731,20.5699369987422
2659,2.90324725956798,44.5624668669921,20.6230519609449
2660,2.89617121585585,43.4812966083511,21.1235123173468
2661,2.74234091421946,44.0598832609269,21.3166061130761
2662,2.73532283918894,44.0910028714826,21.2889556165608
2663,2.73470130867521,44.8978076235034,21.2974059540124
2664,2.74108668419254,45.2695379085963,20.959530522723
2665,3.09012463085463,45.0208441650279,21.9559183361205
2666,3.11191702244976,44.9416791885763,22.0217320487261
2667,3.11191702244976,44.9903938788143,21.5687112470567
2668,3.11191702244976,44.9314630708608,21.2534186745352
2669,3.03416903749963,44.3742811032996,20.6881359932599
2670,2.96482550070012,44.1177977176393,20.2781510228803
2671,2.96437253805718,41.6463987060202,20.3103865651916
2672,2.96338783187286,41.433835569046,20.2807816280462
2673,2.98415716485532,41.2979166507529,18.0903753503812
2674,2.98415716485532,41.2788358115943,18.0855668312587
2675,3.01145100785531,41.1618526297232,18.19716130067
2676,3.01693125716794,41.1360988710169,18.208949468484
2677,3.0482283495191,42.0280305052856,17.1449045936696
2678,3.06982077788614,41.9562615247112,16.6847511262934
2679,3.14333579286014,41.6497536213284,16.9986138533655
2680,3.14333579286014,41.6334252743329,17.0011650014714
2681,3.14333579286014,41.0662465319478,18.0417483392851
2682,3.13627469643379,40.677091116482,18.4152364098287
2683,2.76023787841718,42.3826652971226,19.3249679569233
2684,2.76023787841718,42.3453170684208,19.4069145365658
2685,2.76023787841718,42.5001983891984,19.4069145365658
2686,2.78780480898434,42.3851910401226,19.5147196091872
2687,3.13011023866583,44.2122098425883,19.008125972482
2688,3.1485324175092,44.1275664538284,19.0516339978033
2689,3.24270779710677,43.7261412714733,19.4557451996363
2690,3.3119464589402,43.3929497895922,18.8715401680013
2691,3.3119464589402,43.3498857738034,16.8366992477065
2692,3.3119464589402,43.1847450179387,16.8175694562246
2693,3.27631957283329,42.749692881734,16.6301293782615
2694,3.246197401576,42.8031763310532,16.9904752923949
2695,3.17017796187981,41.3192409271393,17.329668904852
2696,3.10700840775809,41.6018535450523,17.0146263128237
2697,3.07128894688843,41.5121607096711,17.053498105893
2698,2.9853993220578,41.8083536098298,16.6086075025294
2699,2.69576322871705,42.3709461519588,18.1670611652393
2700,2.67416231199772,42.1489970602053,18.2413344118265
2701,2.46994330912687,42.9851551041705,19.180133337368
2702,2.46994330912687,42.9469399390375,19.2322642471149
2703,2.46994330912687,42.9469399390375,19.2299489203458
2704,2.48263673130556,42.9019169043721,19.1053323472869
2705,3.05619915442562,43.5941489086895,18.9799063906599
2706,3.0977504242561,43.540004212851,18.6236613603418
2707,3.34404684476193,42.9116659937379,17.908058493945
2708,3.34377367366413,42.928046467052,16.6661745813452
2709,3.34404684476193,42.9248185149801,16.6675244069018
2710,3.30101517183723,42.9612394626706,16.4386281667682
2711,2.98885314764305,42.2537607134805,15.8668090970787
2712,2.97159463036038,41.8631612104414,15.8463938865907
2713,2.97159463036038,41.7822428878649,15.972852050017
2714,2.9676448860843,41.7557167208541,16.0213705612545
2715,3.17014915750197,44.0003585612933,14.0059130304103
2716,3.16931060133159,44.0107723078381,13.9896964745556
2717,3.16931060133159,44.0112337217323,13.9918709754108
2718,3.16862032053017,44.0092288171005,14.6880002900867
2719,2.95606712228699,44.6158777100343,16.723127699778
2720,2.95426741193755,44.4784528506814,16.965189684804
2721,2.94909170610556,44.4965509846416,17.5812617991767
2722,2.94909170610556,44.4393557741312,17.7755000508339
2723,2.92319369713567,44.5077344114414,17.7684542032103
2724,2.91127098449601,44.5509339955849,17.7455421838488
2725,2.91608109206981,44.4584299152692,17.8584536085181
2726,2.9178855696367,44.4022783686027,17.8759576286343
2727,3.14024986387548,43.3403894414017,17.5112339495696
2728,3.22704866646199,42.926653892925,17.8865174272286
2729,5.60589211999314,80.642342085467,14.5760441236899
2730,5.62173099610967,80.8398712897736,14.5936165004566
2731,6.4411847226791,77.5356380095191,18.324764961821
2732,6.42841436978212,77.6078152086979,18.5899103737546
2733,6.42841436978212,73.9254916036085,26.0291348123983
2734,6.35586086798106,74.1281468489299,26.3236686465194
2735,5.01700765873628,44.3563446702665,34.7612264512519
2736,5.0061016860179,44.303217866554,45.71721271493
2737,4.13848923135168,47.8618371935403,41.8934548611054
2738,4.1194364716858,47.8948204265074,41.9226795606109
2739,4.117784611329,47.9030841359881,43.6917909651261
2740,4.13638911263094,47.5178719906474,43.7117869686682
2741,4.12590568865832,47.3521906804457,40.5528948167852
2742,4.1073468436173,47.2831176882246,40.4564121899514
2743,3.58246203847919,46.7502349791134,34.7396333534769
2744,3.57994671364418,46.7566943872531,34.7179426204612
2745,3.56727294669869,46.8117596639606,31.2926080990874
2746,3.56297482310882,46.8717072887962,30.8504584950864
2747,3.56204077289526,47.0276857988096,30.5339996485638
2748,3.56058256377309,47.0511927739756,30.8722439155188
2749,3.51344206675293,45.5297445151978,30.7346534127594
2750,3.50161139014788,45.3825143820251,30.9314783752837
2751,3.21239401728067,45.9467199060056,34.7999222828416
2752,3.18580995975431,45.9454290068908,34.9603933520683
2753,2.91151971267138,45.5924222386657,37.3522211146304
2754,2.72105628515876,46.4109468803773,36.8427305668883
2755,1.9627027893556,43.4079092524498,38.7737652212527
2756,1.91814878953654,43.5611584474989,38.571297264439
2757,1.81050004751675,41.2132089278117,38.0214561814305
2758,1.71460603724578,41.4737404074113,36.9624307304386
2759,1.69155628496865,40.8233420732045,36.9691292735745
2760,1.66720112068398,40.0551244034707,36.8863701003059
2761,1.20819376527659,39.6006586105338,35.0731199444963
2762,1.19738705821975,39.4573548034739,35.2697669232274
2763,1.19738705821975,39.409715632692,35.4107388694074
2764,1.19760863231496,39.4083724358178,35.4083047406512
2765,1.18123507746006,39.5411988862584,35.3165516417505
2766,1.18192870385119,39.6432538278982,35.3901719487219
2767,1.24479197315439,39.497791284834,35.6975494701934
2768,1.25706887542173,39.4485860804474,35.3184445973591
2769,1.25637032029081,39.6582470328224,35.2328479034416
2770,1.30125449677691,39.8314652697764,35.4111586493739
2771,1.30197799109987,40.1575369107809,35.2756280714907
2772,1.30329190466545,40.1556557148016,35.2800268010192
2773,1.16983071069156,40.7903108893276,34.3224105753983
2774,1.16969304064729,40.8259936367701,34.3783480951998
2775,1.16969304064729,40.8291086462413,28.7294058668778
2776,1.20620945584054,40.6575987561941,28.8973489550639
2777,1.610491281761,41.1512371814985,28.3195571936234
2778,1.62584941490028,41.1579237097165,28.3015185575248
2779,1.62584941490028,41.1579237097165,28.3004761682209
2780,1.62615497545257,41.1410600479994,28.3024201976019
2781,1.13679967573444,40.1872550593066,29.665903735741
2782,1.13753811195136,40.1850847544821,29.6651814954878
2783,1.13753811195136,40.1875614811374,29.6612419673228
2784,1.24625886527818,40.408389428963,28.5884019114013
2785,1.24625886527818,40.423842806144,28.5640233152101
2786,1.24547118202773,40.4352197994936,28.5390946863124
2787,1.08386142538746,41.438642675161,27.0563611795923
2788,1.08454695295404,41.4386654255898,27.0548999663987
2789,1.08343128527146,41.440653764985,27.0532307966513
2790,1.08384136255829,41.6711217246209,26.9952994724507
2791,1.21881643909063,41.0508686754275,27.5907680756588
2792,1.22049625064014,41.0762079828149,27.4545973815748
2793,1.23813808782654,41.0606745283539,27.6548996360986
2794,1.26749989765697,41.1264543371843,27.8133127022704
2795,1.33351241814849,41.683893123894,28.4918774912006
2796,1.33423896135516,42.0136769002832,28.6497850635703
2797,1.33488844815487,42.4942470158212,29.2879985177434
2798,1.30605215554197,42.7817581636759,29.3836214938176
2799,1.20209016946443,43.3553170744763,28.8402774137148
2800,1.20291448660755,43.3508862844019,28.4830640543371
2801,1.20291448660755,43.4008350075023,28.2754924090453
2802,1.22227536860742,43.3039663483719,28.2756996307629
2803,1.31923335495429,42.9417824906705,26.4501020172821
2804,1.35416308522311,42.9794058124168,26.364757153114
2805,1.68024373529179,43.114405480262,24.762499842508
2806,1.69547503295726,43.0980409556978,24.7272838707837
2807,1.69551502083717,43.0980646419873,24.5452368602858
2808,1.69570048635747,43.0958911681587,24.5384751010724
2809,1.71877354350936,42.9966939369771,24.6089802791535
2810,1.75249950296881,42.8411475978361,24.7396280895672
2811,2.1750541265864,47.6956189864959,23.9502823078838
2812,2.22333605646267,47.50285655847,23.636550116395
2813,2.80362152005072,62.0299032962824,26.5377882700522
2814,2.81332212162398,61.9872005752382,27.133892738917
2815,2.90554320472698,63.4351489126726,28.2551203475615
2816,3.21757939390325,62.9406780929127,29.8678252421293
2817,3.79731004316699,60.4141921780513,32.9658723296522
2818,3.81398684543727,59.4729728099362,33.1322816295065
2819,3.81643523511318,56.1525886386412,36.3502093292688
2820,3.81755710836319,56.1698366220506,36.4092920070317
2821,3.29375361911965,51.8272997871163,37.8878855453841
2822,3.24496109105176,51.522246543646,37.9357281280924
2823,2.73636597227074,48.3760349007002,38.6740464665607
2824,2.73576164526173,48.3039521843489,38.660350167934
2825,2.6231375787404,48.8116841311259,38.0851709462929
2826,2.55702280131869,49.1899716325346,37.7296376888679
2827,2.49760575905773,49.4645149365765,28.3418030715631
2828,2.49755847083636,49.4511165089942,28.3136655080959
2829,2.49742116999442,49.4757535488279,28.2140167961024
2830,2.49749344055763,49.4825587209318,28.2012834586385
2831,2.5684063833843,50.6628666643082,28.5414632112464
2832,2.57550428405027,50.7340154194188,28.5631579979674
2833,3.13551575017847,48.146859572511,31.8503155843502
2834,3.13417367734421,48.0484565432591,32.0536303492393
2835,3.12936972806096,45.22727529124,37.6506599218066
2836,2.9220435460957,46.0183137780583,36.884353021622
2837,1.82821922986031,45.4604923079986,34.0998905379691
2838,1.82821922986031,45.4223454767219,34.2326809102365
2839,1.82724757385022,45.4092629521644,34.2222922173018
2840,2.1133671077381,44.7626588918701,35.6456944202421
2841,2.82252023167636,43.2219366773068,33.7589279948161
2842,2.81972800188244,43.2939120654752,33.6441143873447
2843,2.81524440772863,43.3287449176351,33.5919495935039
2844,2.75885509780323,43.267045435932,33.5882376080636
2845,1.93685953205915,43.4221899387773,31.2102881099974
2846,1.92639626041139,42.3094934833525,31.1557338199214
2847,1.91944671763598,42.2824830336866,31.1793947434088
2848,1.92926680515465,42.2220219372474,30.6943411279727
2849,2.22413430036557,43.8570453096899,30.3707532057352
2850,2.23078207304434,43.9734587656491,30.5072086390745
2851,2.23186499822163,44.4933694532667,30.5128793071862
2852,2.24653302341968,44.6004279250592,30.5989595973727
2853,2.25445131268415,44.6218321841478,30.841950368234
2854,2.26037533992799,44.700720483021,31.1348329982588
2855,2.2946093857611,45.1166009756487,31.7072186831824
2856,2.38773916674403,45.0554327052343,32.723027275198
2857,2.38786974874539,45.6984541421185,33.7956074274972
2858,2.39278325006879,45.6731555413533,34.2207916384304
2859,2.39278325006879,45.6716211876993,37.1471012152485
2860,2.38640683886219,45.0280984828768,37.5511785311271
2861,1.10714892298,44.8878747756703,35.9999840155228
2862,1.09431306332971,44.7632409573441,36.1971806568292
2863,1.08846317963893,44.7498418111354,36.2385383149643
2864,1.08846317963893,44.9026973966219,36.2478159279562
2865,1.29356799359938,45.5108409554952,33.4576661705107
2866,1.32047921024755,45.4709268448447,32.3175458856414
2867,1.47663932721288,45.0180499999413,31.2594225393763
2868,1.47686995729499,45.0060617915333,31.2586071821111
2869,1.47686995729499,44.8052752554903,29.4010125880312
2870,1.44932579008959,44.9237406858244,29.2938087709043
2871,1.44695979519074,44.9009886573627,29.348224184893
2872,1.44695979519074,46.2159844160475,29.2955945024914
2873,1.81994841564025,44.4557757128387,25.1723861280702
2874,1.86334095265422,44.2100186537572,25.5035391281039
2875,1.86494451067471,44.1955658774892,25.5189472959644
2876,1.82211272638796,44.3351966676426,25.5797926558284
2877,1.66033994276463,43.512293359143,27.1405575231945
2878,1.66157830044141,43.4870849706981,27.3291829252511
2879,1.59176518104085,43.2056883799355,28.8633204444211
2880,1.59445585103372,43.1936689933964,28.9487065041662
2881,1.4332474170789,43.7456243469337,30.2833184767862
2882,1.40731150549004,43.3312510631674,30.2651498467804
2883,1.40731150549004,43.3168177862188,30.2889444985809
2884,1.4332474170789,43.2048693657282,30.424448179714
2885,1.94776944452354,46.6281508121121,30.3052473447686
2886,1.96025148251954,46.5689540067107,30.3696667502415
2887,1.98663534170505,46.4477725302551,29.736512738862
2888,1.99142000051998,46.1050558988685,29.325988205171
2889,1.99249194468618,45.9882642610515,27.91693478154
2890,2.02159270806296,45.5461684870585,27.9275628136509
2891,2.2739498416197,44.2953096307956,27.0771564917555
2892,2.27306853199514,44.2996542746895,27.0744278578239
2893,2.35148109007209,43.9352945060557,27.3466221013898
2894,2.33967606911028,44.1527313466318,27.03942379283
2895,2.3412621023649,45.6547465528803,26.4567747180427
2896,2.40932105655762,45.4077808416185,26.7588513330781
2897,3.32580255340095,56.728556029893,25.2001297129594
2898,3.34887076825518,56.6974033138094,24.9674772899625
2899,4.02754906710809,67.1809172827358,28.385405025224
2900,4.04975739226497,67.5611797380571,28.1781549732875
2901,4.3275323614674,67.0707969636019,29.2420767862531
2902,4.37345990407453,66.8918225611,29.5020313873508
2903,4.37533378463513,66.8831842312572,29.501410533418
2904,4.37533378463513,66.8508165817848,29.7101960908353
2905,4.05126884832652,53.8784049111244,41.8695199506928
2906,4.03146290787112,53.7484634307374,42.009941310642
2907,3.80435175298396,54.6062205325856,40.8287048539995
2908,3.80432648123226,54.598558560451,40.8420835530046
2909,3.23598981806389,56.0440732631989,37.7507196255563
2910,3.23598981806389,56.0309344335969,37.6670764179193
2911,2.95903669885642,56.8857351495579,35.7846372228647
2912,2.9375238245689,55.658537133904,35.3142916664291
2913,2.93498275344776,55.540402440329,28.662269528498
2914,2.95450335053563,56.7165758931674,28.7217386105896
2915,4.31462382226716,49.5932473667188,29.7249969732004
2916,4.30882406658262,49.6303434439409,29.6455699757161
2917,4.30882406658262,49.5352913366754,29.5540873740649
2918,4.25282756164806,49.7254506436112,29.3378403737646
2919,3.17284784797996,45.6156689376017,31.4663486835543
2920,3.14409247136661,45.5118013775634,31.3231690307786
2921,2.45347132585011,45.5040838833599,29.4794679705047
2922,2.44966183189381,45.3452650574701,30.2234451173492
2923,2.17481721136051,45.6359694977915,34.7299555431824
2924,2.17385418310079,45.6078375470698,34.7574211407283
2925,1.65934707113223,45.4479606222343,35.3353926807922
2926,1.66007506270332,45.4340275424744,35.336626835898
2927,1.66007506270332,45.4340275424744,35.3126530566708
2928,1.9921092790194,43.9155588127949,36.668454527851
2929,2.26497214755726,44.3083143607872,33.4730279249215
2930,2.26497214755726,44.3051401627036,33.2802538882933
2931,2.26489082762122,44.3047673862355,33.1815890755863
2932,2.19587492441356,44.5724177088743,32.7448841421258
2933,2.19379547267362,44.5795284392767,31.4680542201658
2934,2.19158996454687,44.5873432829999,31.284655095268
2935,2.22749258622571,44.3185744285098,30.1613209118754
2936,2.2273444128574,44.1146759124441,30.1255068841811
2937,2.2273444128574,43.3417772000673,29.9545191871399
2938,2.20406278981598,43.4112543157288,29.857015538956
2939,2.1770768345959,43.594793137075,30.0858636646376
2940,2.17753952107306,43.6797856840807,30.098765652182
2941,1.94992520558425,46.230554863323,30.2282260915645
2942,1.94992520558425,46.136348793855,30.4855778414264
2943,1.82030162896152,46.7256299687036,30.9102707223305
2944,1.80332134186906,46.4759070044259,31.4928037248398
2945,1.80374974571224,46.3416907306431,31.7228525851003
2946,1.82136224972713,46.2654207979247,31.8161758261541
2947,2.32337983326532,47.7098153561791,29.6858099644951
2948,2.36598414128779,47.5798326439194,29.7398331848942
2949,2.36598414128779,47.6281773030749,29.6552229970851
2950,2.32132579251799,47.8081985050126,29.5099685284434
2951,2.13874776165989,45.2561945354261,30.0151298547602
2952,2.11085602507718,45.3689254726585,31.101553706117
2953,1.95261629565625,44.7220493112066,30.8844441889426
2954,1.94101305953625,44.7376864833222,31.0630245920403
2955,1.84877009566996,45.0183310807446,31.1111210944777
2956,1.84817132815033,44.9868786582252,31.3074130443628
2957,1.81859120883579,44.8071730834269,31.7788370475415
2958,1.81695335622248,44.8242846542796,31.7557029277822
2959,1.8168041944893,44.8364386566457,31.7440600605018
2960,1.82438466869484,45.4187610617454,30.535007178228
2961,2.6061831160606,45.862588919245,28.1585373700818
2962,2.60616476380205,45.9600170588751,28.013432895499
2963,2.60616476380205,47.6348823003486,28.0088806469204
2964,2.59055882458062,47.715995312332,27.9870064700565
2965,2.59517582880875,47.7173768609208,28.7724887231007
2966,2.59678103378018,47.7552796382388,28.8999693809791
2967,2.5915572469089,47.7959219349682,28.878684579997
2968,2.5937631067317,47.7107905653272,29.0678879293524
2969,1.84794662083751,45.4704345098652,28.9896985958339
2970,1.81438961754302,45.5713940476864,29.3683487760827
2971,1.68340366905511,46.0962836061388,28.7157715141081
2972,1.68340366905511,46.0658455043118,28.7845145058299
2973,1.68014290623169,46.0822679912014,28.7027980755476
2974,1.74091865124196,45.9118117087563,28.9725089691202
2975,2.08589991192915,45.5023323022643,27.921284129347
2976,2.09233956258193,45.6570888379039,27.5895462902633
2977,2.11384413929692,45.6108382826804,27.2280298612132
2978,2.18337897912328,45.5583458412574,27.2162321827427
2979,2.97087498294979,46.0421895294109,18.2621230757808
2980,3.00624377351355,46.6427924809903,18.4143162787696
2981,4.2953022175397,54.8018713023484,21.8033416064981
2982,4.32932977092294,54.6875596555685,21.9627957439265
2983,5.12765009020852,63.4476479875666,24.6648605226268
2984,5.15040679399067,63.5892252628271,23.9727593657182
2985,5.16976029116011,63.5067017671214,24.072085670003
2986,5.16976029116011,63.2708872546856,24.0638670288294
2987,3.95743793019215,48.5263114939433,47.8970876622134
2988,3.86498805294847,48.9429090434283,47.9883825883163
2989,2.61845594757721,53.8773293504728,42.2689866453749
2990,2.61168986991659,53.8852311299932,42.281874859875
2991,2.61168986991659,53.8852311299932,42.2997797786027
2992,2.67396921233731,51.7766409716408,41.9804275401973
2993,2.69266352357841,51.5608879264557,41.8706475629304
2994,3.35813332549219,48.5316389400831,39.1015571184917
2995,3.3736339766945,48.6314125927999,37.0028167543106
2996,4.87844888340378,46.8264421191377,30.3640600878706
2997,4.94461560067182,46.52357312685,30.6884305198012
2998,4.97295539186239,46.4360207758419,28.7668620210111
2999,5.00159889370657,46.2814221734863,28.8150796415379
3000,5.0073465865672,46.2392931418636,28.8406381451835
3001,5.01708165593434,46.1141284378349,28.8811445031209
3002,5.00813120703598,44.8937821259215,30.9330893353782
3003,4.99379182283183,44.9576137066306,30.9029232321009
3004,3.65502138440471,46.4361281945815,33.1975489310185
3005,3.62284031917798,46.4389901309369,33.0324427377314
3006,2.6702835457017,46.8662879748899,38.80309917909
3007,2.66103397901128,46.750222169025,38.9054923904624
3008,2.62867592118938,46.4570594700369,38.818803074131
3009,2.581199293225,46.679483167826,38.5696330417104
3010,2.58518080016363,46.2272181208648,38.5904653187456
3011,2.51552091780581,46.5360543120392,38.2237086037642
3012,2.51552091780581,46.5377181145201,35.3568399683755
3013,2.51912893545709,46.5238229338568,35.2895253305217
3014,2.83744546750682,46.1443460296058,31.4086683746586
3015,2.83651446257766,46.1880816950725,30.9387873953435
3016,2.83710768326456,46.1940439712197,30.9272468396909
3017,2.83370914552413,46.1770732449082,30.8948990776536
3018,2.1973751002833,45.3770259458118,30.1934339462638
3019,2.13138875620314,45.6845506495682,30.9708913857645
3020,2.12952197692457,45.6811440351112,30.9774106140715
3021,2.12609842826877,45.9925412646219,30.9636737398828
3022,2.21205428720385,46.4745712431437,31.1055987449323
3023,2.22513475817777,46.4482187836961,31.1601375201356
3024,2.22910449630753,46.4558604266069,31.1830944227591
3025,2.27642320662822,46.3116088655704,31.133600328135
3026,2.34219192896527,46.0329154497682,30.7566120008584
3027,2.41641722449951,45.7426190053489,30.7810845961417
3028,2.42038693550611,47.2766624490323,29.8561211014983
3029,2.42212753279753,47.297739525137,29.9124868930179
3030,2.50712989904407,47.7301191491441,30.3292505553786
3031,2.50712989904407,47.8616326371143,30.3292505553786
3032,2.99491397318998,47.041993936642,28.3969129126432
3033,3.03791741292732,46.9246235749321,27.794906272043
3034,3.15561386866729,46.5396002091838,28.1320542528399
3035,3.16543073358839,46.4547730213477,28.1839013808803
3036,3.16116665628131,45.3841491701556,28.9475250861283
3037,3.14722109819008,45.4113232367687,28.9417881795504
3038,2.22842817066167,46.87601096944,32.8188237688279
3039,2.09063926147553,47.3961285530903,32.390289803763
3040,1.89515265242904,46.4953842581965,31.6833035214079
3041,1.89258961703399,46.5079287125961,31.6671049141979
3042,1.89230639714617,46.5090285364276,30.7833191218349
3043,1.9923009273577,46.2629383080752,30.9580197665469
3044,2.12015955763794,45.9663296852345,28.4816310150003
3045,2.19279674908819,46.0524152793435,28.8352491421347
3046,2.25523868818723,45.8453701712175,27.1938073259828
3047,2.2685838776656,45.9662448133133,27.1512009634098
3048,2.68688573294675,45.8732649029668,26.4500584713426
3049,2.70736390852777,45.9129753158502,26.1947951172163
3050,2.82003255085942,45.7272033822884,26.6416915052783
3051,2.81922767093873,45.7353265660925,26.6373614828721
3052,2.81634295722504,45.7535017465452,26.6148991817558
3053,2.81350946045339,45.7526451350506,26.7804374433689
3054,2.68461177469051,45.3229557354484,27.8292137542274
3055,2.67508953877031,44.530391684742,27.8265192879604
3056,2.17474807081237,46.1659225060609,27.505339140333
3057,2.17464262154689,46.1314616480297,27.5593232031068
3058,2.17464262154689,46.1314616480297,27.5522976949873
3059,2.18264869785655,46.1240231010234,27.5733374769526
3060,2.73015115323134,46.2618707313131,26.6739815770813
3061,2.79720649314568,46.0268710099793,26.8649707215205
3062,2.84215314283113,45.9924193582599,26.0129335893059
3063,2.95554924895899,45.6734434629868,26.5813902900599
3064,2.99819118299948,47.828105223956,20.9181884972225
3065,3.01279582347052,47.9964581498282,20.0230863393589
3066,3.92282762802086,59.705549457304,23.1891444547805
3067,3.94481321336692,59.7705759863933,23.3159753073335
3068,4.67489078690935,56.9093409725701,27.1206638806067
3069,4.82636934266598,56.5570169928333,28.1385711190996
3070,4.95821406947221,57.140820806235,33.5150553278679
3071,5.28368980015259,55.7452432703101,35.3675704148228
3072,5.28375506447822,55.7457904956029,36.6399082467398
3073,5.29328211756365,55.6852243755255,36.8692228716382
3074,5.14233595938771,55.0867928052305,41.9233613436625
3075,5.09681367243429,55.229607969492,42.2004404757512
3076,4.48540900112967,56.4958068620064,43.9280906122303
3077,4.47855508367717,56.4480647261879,44.0049135699761
3078,4.47855508367717,56.4480647261879,44.0099205589747
3079,4.48540900112967,56.5787733552063,43.1160252130107
3080,5.21885172503107,54.0303334484242,44.892051560306
3081,5.3673620009028,53.6577882679796,45.3569223661492
3082,5.3673620009028,53.4102531720646,45.3569223661492
3083,5.36506023124131,53.2154256333217,45.4432924474145
3084,4.67559661904099,51.9762798837,42.8639749822586
3085,4.45789431308624,52.7486687846369,41.9898373401271
3086,3.94639212990726,51.4522961447861,42.8436881121171
3087,3.92831598685466,51.5153566376518,43.4547576977422
3088,3.74021505035199,49.5315590351692,42.3575656377701
3089,3.67168867129309,49.5291817594826,41.9471951954602
3090,3.66306810734346,48.9759256542124,41.8827394761947
3091,3.66146389736379,48.9195835575036,41.6612073039731
3092,3.69490699187719,48.731277859308,39.7985920655864
3093,3.74876852056368,47.2351816283405,39.5047076215699
3094,3.74241291916463,47.1916967855763,38.3947793716236
3095,3.74178637291126,47.0954357356398,38.2059945506227
3096,3.26597405385264,46.2369519212331,33.6599400223971
3097,3.26535088737748,45.6944999560557,33.6800571311105
3098,3.26535088737748,45.6753745685575,33.0733445967459
3099,3.26468618662378,46.2188714290292,33.0714332905861
3100,3.43095972016579,46.8527222275807,31.4487286532395
3101,3.5255459557106,47.0488581240784,31.4037413707481
3102,3.52374046643168,47.0790533155539,31.3428278677056
3103,3.52269228494939,47.0945862052107,31.3165720159594
3104,3.48358734933869,46.945157578882,32.0512648720437
3105,3.42730348309315,47.1484945273402,31.9809168759844
3106,2.67356482734747,47.5769586593069,31.3787539883829
3107,2.5397267121698,48.1011644425659,31.0073154326375
3108,2.45082006537878,47.3029423077099,30.580684935575
3109,2.45082006537878,47.292751547998,30.295813744849
3110,2.45066961911285,47.2802719939015,30.2426232303751
3111,2.48815593756741,47.4438841489964,29.8853902343027
3112,2.50616272968599,47.4556000818582,29.5650870771496
3113,2.50615819520134,47.722126212297,29.3317872826805
3114,2.52591640885447,47.6420917797032,28.0847451331347
3115,2.53618395167201,47.6294501810817,27.9922730275084
3116,2.64257463206966,47.3546085481884,26.3560838867919
3117,2.73987872507268,47.1556113479681,26.8122763258927
3118,2.73987872507268,47.1469595221078,26.8277029763916
3119,2.64063124260866,47.3079661688833,26.4379301512087
3120,2.63698049159128,47.2718803209494,26.4176938260222
3121,2.73490875498964,47.1696598361793,26.8145015736919
3122,2.90455735474103,46.6844519528736,28.249357988674
3123,2.93979514966575,46.547616785993,28.3456905191534
3124,2.94037252101852,46.5449003680432,28.3500242849397
3125,2.94037252101852,46.5342781511264,29.3215359703739
3126,2.15309382490038,47.9028190738826,28.9811252536268
3127,2.01194095482885,47.8925829923136,28.6814477207521
3128,2.01194095482885,47.3974271505774,28.782961025629
3129,2.15583954603307,46.7267120145894,29.5253256114934
3130,2.15806565141687,46.716405287643,27.5778180730331
3131,2.21967056321708,46.6500490519441,27.5436978717933
3132,2.71523338850307,47.4582861192256,26.4352494878411
3133,2.80988950018499,47.2001398476792,26.4551250525797
3134,3.55748099924402,45.6468567531492,24.6775226959172
3135,3.57066743052465,46.1988179446986,24.4979096567756
3136,3.57066743052465,46.1988179446986,24.4979096567756
3137,3.55032544882631,46.2928192493597,24.3842451577596
3138,2.6811768494089,46.9226153249089,28.0699289841099
3139,2.57639023214127,47.2015433520865,27.6908627400518
3140,2.57639023214127,47.1540026527133,27.6908627400518
3141,2.5751294851211,47.1515467800906,27.6929951831201
3142,2.57828927186564,48.5069457073392,27.5920541282633
3143,2.72311806421909,47.9680134821462,27.3527377419818
3144,2.98542327088915,46.9378842449037,27.5382064155356
3145,2.98722496907711,46.9351838754171,27.5469006580689
3146,2.98817779601353,46.8615050043223,27.0925023740468
3147,2.97352257817943,46.7202433791577,27.013733790706
3148,2.89383835243449,47.0202540954734,26.7009067078692
3149,2.80153884305159,47.3971989673975,26.3060523531338
3150,2.59896464681286,48.08898588289,25.3629178334386
3151,2.57936662424778,48.4296524705085,25.3896386118927
3152,2.57922790267536,48.4444284979157,25.389901413166
3153,2.57821522354999,48.4489777210549,25.0968398481057
3154,2.56504791952587,48.5101925902721,24.9945594114664
3155,2.56160085452035,48.5260625861543,24.9766174853864
3156,2.53174660049902,47.8344117929316,25.3080296694499
3157,2.52247095890427,47.547350987697,25.4518231630172
3158,2.51468246224711,47.6086819084915,25.3561806629241
3159,2.51468246224711,47.5882707763267,25.3923331731414
3160,2.4962436086438,48.4407240723687,25.7065942864657
3161,2.49465283380144,48.4415966647171,25.7392500664839
3162,2.21509941271866,49.7040174313439,26.8738025748873
3163,2.14664574200222,49.0258997826947,26.6164315648792
3164,2.14770435174053,49.010413481244,26.6172169596006
3165,2.14883789113425,49.0049486464494,26.6176155137934
3166,2.45739902313533,48.4585914833384,25.764179989641
3167,2.55038504746673,48.0552968998761,25.8519991760303
3168,2.57355447724404,47.9533321858278,23.7093180856995
3169,2.57310221378078,47.4171826329997,23.0901454741454
3170,2.57263343327706,47.3400668049577,22.8452666994589
3171,2.51588592833714,47.3912118912346,22.3078028841113
3172,2.46230846387419,47.2287005681276,21.7671692130888
3173,2.46230846387419,47.2275835179875,21.7740080225593
3174,2.46221405140278,47.2259862708941,21.7812497917343
3175,2.46221405140278,47.2848531134264,21.7828871237812
3176,2.46221405140278,47.587529490852,21.7810809948806
3177,2.44671870321333,47.6609864269359,21.7868238702747
3178,2.44202738027971,47.6883971059975,25.0633344482772
3179,2.43237297159251,47.5635893595881,25.0221844590496
3180,2.30947577471037,47.8450636033919,25.9609421060168
3181,2.26168895342784,47.8784499079005,25.7130604596206
3182,2.26049466486855,47.6909452276914,25.7079744999799
3183,2.25757773231015,47.7023784988741,25.2210478335947
3184,2.36322446665048,47.2322418031455,24.0687137049066
3185,2.41558618531772,47.2030591966352,23.4333790810715
3186,2.72385657037218,46.6061683089427,20.8976584841029
3187,2.80005378900645,46.898474221617,21.1874669862815
3188,2.80080093277116,46.897161496337,21.192936633943
3189,2.80298575373372,46.8555981658514,21.3763729180206
3190,2.54435633566029,46.653866774465,20.6050668846466
3191,2.54539520719712,46.6076878485962,20.6875114789777
3192,2.54644440510253,46.602181584779,20.684233263685
3193,2.57401921317897,46.8455127047732,20.8268474691254
3194,2.57509815510543,47.1478761346517,20.8276329826554
3195,2.57609553297293,47.1421246030258,20.8552701750843
3196,2.46595511008004,47.6680237084662,22.500214518264
3197,2.46920811644551,47.9179104798141,22.5344979173427
3198,2.46920811644551,48.3016583314038,22.5344979173427
3199,2.51916780830182,48.0684244989156,22.6648101290988
3200,2.51785995205084,48.0782699065238,22.3786083654697
3201,2.51785995205084,48.0226864760902,22.3779529195675
3202,2.47899035059567,47.7032440442428,22.0643146697389
3203,2.46724598156036,47.7504584381925,21.841377053893
3204,2.46724598156036,47.7297668879383,21.8435036990016
3205,2.46430792789552,47.744387542847,21.3077914228498
3206,2.86861334432474,46.8082767878198,20.9917010862772
3207,2.87825989664212,46.795568484079,19.8909849896567
3208,2.87825989664212,46.8065462606042,19.8872981719466
3209,2.87825989664212,46.787675666119,19.8626135190078
3210,2.6901617352484,45.9852361178522,20.2380028204263
3211,2.68224236495863,46.0054437550888,20.5441680740574
3212,2.60382805587683,45.6112986399058,21.6817208296208
3213,2.55615464975031,45.8443880141527,21.7125593800777
3214,2.55463957965515,45.8539369672824,21.7004548046043
3215,2.55463957965515,46.3964974457649,21.6973182657105
3216,2.55656762142846,47.9612624180334,21.488253583087
3217,2.60370716942378,47.8336736163376,21.4759282897698
3218,3.34138787734329,66.0262968513443,13.9314444622999
3219,3.48832558845575,65.5003258685927,14.446059108106
3220,5.2691734967701,73.5732693459545,21.4007793681169
3221,5.30249068502158,73.8089463201251,21.4817933516909
3222,5.80622998280405,72.0087230767611,24.0428886575034
3223,5.92734025297635,71.4823220546221,24.6704592266069
3224,6.13681706184768,70.5725409451907,27.2051104683568
3225,6.17004318443657,70.0947296864009,28.0814470025544
3226,6.17057103413254,59.9266368054383,31.7188485535912
3227,6.13931973259733,60.0362809090366,32.1012518225881
3228,5.70733682778684,59.6894620758657,35.0950458205144
3229,5.69588651217283,59.4846889237189,35.074820425012
3230,5.23499604332717,51.780883667829,39.0852816569426
3231,5.23345674539194,51.7596937145275,39.0603849471731
3232,5.23345674539194,49.2799401086187,39.053704871104
3233,5.23739290366813,49.2657210879448,38.9259643040885
3234,5.60414548797162,47.5335028269994,39.124738243286
3235,5.60414548797162,47.5002817175447,38.8682531754222
3236,5.60414548797162,47.4568457164053,38.8875991198984
3237,5.574117229975,47.4643761415803,38.7631730485907
3238,5.21927941920697,46.1417317263904,38.7898281062686
3239,5.20459426828057,46.200550771993,39.8480541668872
3240,4.23582182983126,47.6598135608003,36.137669444407
3241,4.21729424150824,47.7440639501634,36.0522947668697
3242,4.09079432976134,48.3181634338067,35.4411580469143
3243,4.04883677204475,48.5687168798362,35.3287698213994
3244,4.01000079763815,48.7449491294697,35.129048513911
3245,3.93486608281644,49.085837659746,34.8646317669161
3246,3.75856906894557,49.083385652127,33.9546727192614
3247,3.71083868106516,49.235507735259,33.8770179618462
3248,3.70115811971196,49.2484541131871,33.8303128920996
3249,3.66588162733182,49.2865681699561,33.6580440171161
3250,3.63648002268683,48.0782211080904,31.3024773893545
3251,3.6337539148202,48.0128747048207,31.290352217124
3252,3.60945957643314,45.5266717346688,31.154734086475
3253,3.44618915556579,45.4780980567089,30.5130043269362
3254,3.05601409532747,45.4736110909806,31.0441615963951
3255,3.05026371996198,45.500337988969,31.239855275807
3256,3.03661517553127,45.5601930856347,31.1661281372
3257,3.0079243245192,45.7738740416207,31.1687152523894
3258,3.00843245237507,45.7797133074644,31.2375019042571
3259,3.0086581094315,45.7786361317064,31.2714140975821
3260,3.04034857154613,45.5995261071955,31.4534734374584
3261,3.06799725710561,45.4746661258295,31.6185738283062
3262,3.06831589749868,45.4816263741698,31.6123219369041
3263,3.09138495592575,45.8086065537635,31.6984111396764
3264,3.09347195534434,46.0288811277016,30.9284027750263
3265,3.12489543490686,45.9043549710921,30.6801750510148
3266,3.41930281438373,45.1670650762989,29.7889136900003
3267,3.4393887586918,45.0701808427048,29.6289639432843
3268,3.44957807451142,45.0230118107436,29.6197716435924
3269,3.44957807451142,44.3097348078771,29.6837840488967
3270,3.44516025142456,44.2054486625367,29.5896247074666
3271,3.37197499534938,44.2436685895247,29.2082753390865
3272,3.3623026739653,43.9312960643113,29.5360652953384
3273,3.28643412114155,43.9054889850283,29.2283047526427
3274,3.04454873877232,45.0402194891562,28.9733358126067
3275,3.04209070297953,45.0520540078343,28.9960237620112
3276,3.03823552355595,45.2914513128346,28.9743042108685
3277,3.03823552355595,45.4174645526407,28.9367532934359
3278,3.03823552355595,45.4237405724203,28.5853482376524
3279,3.04654223553843,45.414401050472,28.4712247734501
3280,3.10776822483802,45.4429983901728,26.894343118201
3281,3.18256113761914,45.1272536027762,27.2892090943365
3282,3.52225026026398,45.457068528728,25.0550151273359
3283,3.56370503085199,45.299148935731,25.2397061246758
3284,3.54847141464414,45.4042677521571,25.1005075249953
3285,3.50406490760145,45.6092115194611,24.8396319387078
3286,3.2221208526004,44.6174105528778,27.4698718510336
3287,3.21064210618276,44.6542150868911,27.9116935279743
3288,3.0400236916414,45.1067826917262,27.1919909590241
3289,3.0400236916414,45.1057230806503,27.1957004536953
3290,2.99932035457063,45.2832579146392,26.9844088775351
3291,3.01986274815607,45.3842360220803,27.0033609233151
3292,3.01929530137073,45.4592546349185,26.8842166546704
3293,2.99545836479514,45.5706677158658,26.7669654068275
3294,2.94836271807478,45.7859396009766,26.5214637619265
3295,2.93113356258539,45.7481100678103,26.4542055187878
3296,2.93110881868395,45.6922000442649,26.458515840452
3297,2.93113356258539,45.5131794000048,26.324446206987
3298,3.12780039163818,44.6477826841963,26.1965314466238
3299,3.15014618321946,45.193283210307,25.9559750853079
3300,3.75583619003822,48.7042791567731,22.4486882845277
3301,3.75846446007241,49.1106348417489,22.0476530259306
3302,4.37948363590696,53.2332280865583,25.1204167466962
3303,4.38056248138907,53.5787439266297,25.0865465026874
3304,4.38989396958927,55.6572856147787,32.0512789942837
3305,4.3964588411907,55.7656325691555,32.1142451820382
3306,4.41906151685932,56.1592052897455,33.6837506238381
3307,4.46678568657346,56.4523510623466,33.948491126675
3308,4.85604536090084,54.7111599764983,35.9782646431842
3309,4.85604536090084,54.7111599764983,35.9483438438034
3310,4.95273907897604,52.6114581847245,35.8394308188086
3311,4.95054630984373,52.5941846670243,35.6678040067382
3312,4.94721941223071,52.3521386029335,33.2162499923243
3313,5.0317632844412,51.9706652921918,33.5755620823421
3314,5.02392094569334,52.0104155864133,33.5867090861494
3315,5.01801032999307,51.8380907262749,33.6842583373263
3316,4.5010813713092,52.3719302810722,32.0920489129379
3317,4.49709146914386,52.3182537725371,32.2360040884744
3318,4.49709146914386,48.7754810549318,33.6598575795123
3319,4.49830269021249,48.7654185780676,33.6606910514465
3320,4.72198681595983,47.7396155836241,35.9593006563474
3321,4.74199065334765,47.6687432570648,35.534174559583
3322,4.74199065334765,47.7445573952756,35.3893058550668
3323,4.72131842440198,47.8115747978436,35.7490472922609
3324,4.14052852280568,46.9458533067826,34.8958585067388
3325,4.13558661951592,46.9325526544142,34.8798838552436
3326,3.44336619742425,48.4768193034497,31.470090787407
3327,3.43922163069138,47.5880356052847,31.5483959205703
3328,3.40653219189183,47.4421234705156,30.1634390797404
3329,3.48968697516839,47.0483997873956,30.5515250610193
3330,3.47722736238285,47.1159764754439,30.44354816095
3331,3.47628668267912,46.7628908093591,30.4827048181103
3332,3.31948625924906,45.6477198717129,30.6944733899322
3333,3.24496729363579,45.9895443934752,30.5113886354205
3334,3.24496729363579,45.9806571673102,30.52738330638
3335,3.23901711143323,46.0234912298335,30.3128131268724
3336,3.39244632551109,45.7296886018784,30.3060999413544
3337,3.39641084303065,45.975251583464,30.1801998417847
3338,3.39641084303065,45.9946698111416,30.1100310104359
3339,3.39641084303065,45.9946698111416,30.1100310104359
3340,3.31074829075165,46.385628065326,29.5459900889828
3341,3.31094463379024,46.3804723690919,29.5745708451722
3342,3.31195160298642,46.5748260392897,29.2123310227751
3343,3.3979094558364,46.936400649795,29.5354428886446
3344,3.85842830783249,44.801873043654,27.4252300565496
3345,3.85580302955576,44.8189261448176,27.4069994192285
3346,3.85580302955576,44.7998290281382,27.3614314620287
3347,3.84604575491972,44.6586638675449,27.9335362790438
3348,3.06548504588395,44.5679354559585,26.9845468351625
3349,3.06227791115076,44.5305823792736,27.0477580172087
3350,3.06227791115076,44.5305823792736,27.055877711639
3351,3.0649169098767,44.5184584319407,27.0582667153328
3352,3.59645335885441,44.5978318020706,27.1122403158597
3353,3.60305234634447,44.6446136583989,27.0086516205072
3354,3.68222444748726,44.534734681219,26.9813704831547
3355,3.68180607354343,44.6069989780761,26.60748177775
3356,3.68222444748726,44.8973180641203,26.371144491286
3357,3.63779121746552,45.105627327506,25.9431966206504
3358,3.5245429428613,45.5884741708854,25.4178026534063
3359,3.48136655796077,45.5125082866493,25.2740233719539
3360,3.03112176636453,45.0619130645008,29.4916274046471
3361,3.01780278489041,45.0020611235379,29.7319475296249
3362,3.01780278489041,44.9840850041979,29.7319475296249
3363,3.01780278489041,45.028431254991,29.5205734180437
3364,3.26959140645434,45.1857350843974,30.1090478809393
3365,3.27105595600264,45.2282252471606,30.0384385351223
3366,3.26684550847201,45.2369229017357,30.0176505523213
3367,3.22457531207726,45.3420823043681,30.0803960660837
3368,3.06364122792572,44.1683517252188,29.292726428319
3369,3.06655749320385,44.1430599664191,29.3254280246159
3370,3.06547036836043,44.1457180704351,26.99003533866
3371,3.0994109035909,44.6303700235839,26.8153782294692
3372,3.42378967826306,44.0034361919512,27.7019368719336
3373,3.42378967826306,44.0048040368851,27.3758372992967
3374,3.43086384663858,43.9991970067169,27.4149126456059
3375,3.42684850864302,44.0253634237819,27.4300358684792
3376,3.42456036610263,44.0359060324258,27.5379158249551
3377,3.42194585543369,44.1064249426657,27.5324706038977
3378,3.29287115506904,44.6703223871975,28.504046084732
3379,3.2423542896802,44.8928882338921,29.1684184347716
3380,2.91211746546749,45.069831468377,27.6611449916294
3381,2.91211746546749,45.0703675061512,26.7598897810515
3382,2.91854987972373,45.0771180141709,25.9345622298372
3383,2.93152641050829,45.1400141185341,25.8928373733436
3384,4.3332538606975,46.0161121972045,23.0735887627579
3385,4.35609258795265,45.9429101897416,22.6547338536499
3386,4.844895491894,51.6027856402887,23.1851107509897
3387,4.86946408101847,51.9035411397782,23.1642480891743
3388,4.88894301953454,54.1160139998393,23.1965866227986
3389,5.04451700628924,53.4939656284916,24.168982431098
3390,5.17016764429222,56.0411122503448,32.0226340204061
3391,5.2035095115359,56.5808555734111,33.1543805074046
3392,5.35455822551662,55.9291561586223,35.7624511329956
3393,5.3917661735468,55.8000347034172,35.9446934970537
3394,5.3917661735468,52.3806580285425,36.6965259411229
3395,5.39243192981835,52.1127219240833,36.6885559579031
3396,4.83401856945049,52.3580149658893,35.1649459352516
3397,4.83359388157292,52.3604903130149,35.1884513358637
3398,4.83238471797523,52.3418335536066,35.2416962772544
3399,4.93810110680962,52.1684237673135,35.8098079673247
3400,5.38111680119002,50.6063470905732,34.8786553255572
3401,5.38102224824386,50.5974204749785,34.8657872089565
3402,5.38072946013524,50.5957622355417,34.1328331786171
3403,5.32167507920958,50.7173474367771,33.7938772208752
3404,5.27100872827816,50.8475518037568,31.4759224241593
3405,5.27100872827816,50.8119215005651,31.2599770562227
3406,5.24633974575396,50.5413094970946,31.1364375678575
3407,5.20134106764594,50.2882677279095,31.1229778163046
3408,4.93771073126749,48.96966185996,32.1288391426145
3409,4.84043149875223,49.3018589183807,31.8260135137497
3410,4.23378112527839,48.586058915779,33.863549303011
3411,4.23123694571026,48.5680849913076,33.9454862334726
3412,4.23123694571026,48.5375480100007,33.9812650628842
3413,4.26865075122626,48.4946598151804,34.1628049136754
3414,4.9528643477758,47.5256233845915,35.928319900995
3415,4.98223436006914,47.4093285300673,36.0880434070874
3416,4.98223436006914,47.4093285300673,36.0933374582623
3417,4.98018002939243,47.4261147781672,36.2212784368807
3418,4.8586283042336,47.2007296896833,35.5913092670414
3419,4.85823935118166,47.1865631888752,35.5771907970351
3420,4.85189892503172,47.1085721278287,35.8345022381071
3421,4.84135003636148,46.8118748883442,35.802002279093
3422,4.53166841042727,45.6400723282136,35.1712292341794
3423,4.41547801564104,45.9657769723331,34.6847264777667
3424,4.25598660501409,46.6851131410347,33.8454036693216
3425,4.21981861492658,46.8583539539482,33.6390141221054
3426,4.12297773122624,47.2708968179869,32.7070815601219
3427,4.12297773122624,47.2707920925762,32.7072811592941
3428,4.2153155418948,46.8910476886142,33.0466361776939
3429,4.19781907158924,47.3639522063719,32.9565422500878
3430,4.19793507638664,47.5994410845708,31.8880324021444
3431,4.21827554199416,47.8407495786008,31.8265858801248
3432,4.3206976976036,49.0859436550443,30.7329378269682
3433,4.3669051679045,48.8780602761666,30.6065892201395
3434,4.3669051679045,48.8740901806777,30.6148511667487
3435,4.30951590768231,49.1056655240982,30.6833269544504
3436,4.27009778306953,47.1180220195623,30.4784284973725
3437,4.22342058908183,47.057325790782,30.0249192891359
3438,3.89306683729123,47.0329853231197,29.870393911021
3439,3.88840393228225,47.0342873312958,29.8459797446803
3440,3.65869051683064,47.8077435969369,30.7208052655737
3441,3.59870965524638,47.9285836362192,30.5192462567156
3442,3.56909864721776,47.9606523016365,30.4818791943724
3443,3.5656820188005,48.0380300060757,30.5779525216213
3444,3.56607776440567,48.1153295962888,28.4479848783457
3445,3.58609419356773,48.0639026295501,28.534908052855
3446,4.20213482856866,48.1290646429884,27.9549249038486
3447,4.24582230112046,48.0188781311243,27.9058441533854
3448,4.75259401377276,46.9548972799302,25.7192564007787
3449,4.75626887359066,46.982101091799,25.6647529405399
3450,4.79426463321769,46.8300788676403,25.816142945894
3451,4.86251423615457,46.5121334976807,26.1704186218866
3452,4.79426463321769,46.8056314614258,25.816142945894
3453,4.74722956192436,46.8753894450648,26.0802179000146
3454,4.60343046380054,46.1557842536731,28.2357566200514
3455,4.44984854955577,46.6837468034549,28.251323225819
3456,3.7025993329913,47.8830096469646,28.3752182457933
3457,3.70255472148856,47.8824399183237,28.3716026072216
3458,3.70255472148856,47.883182729066,28.3695904405326
3459,3.75597450564543,47.8192608248985,28.3468879046376
3460,4.32502624049734,45.2347243040287,26.2000258176728
3461,4.35001150514553,46.0977700352891,26.2332437157697
3462,4.84418287400433,46.5309372518893,27.7278386039328
3463,4.84502304784162,46.5361249028157,27.7365431996089
3464,4.84626190654854,46.5388249069212,27.6941802952829
3465,4.79892380300297,46.4612844211108,27.6269570567629
3466,3.98677252570936,47.608462408335,27.4570374946495
3467,3.79837656761221,48.3804602660876,26.480614800715
3468,3.79837656761221,48.3492651398825,26.5287396901744
3469,3.79837656761221,48.4583743431278,26.1573793438519
3470,4.3274372018913,48.4973321259102,27.0100096425049
3471,4.38190563578954,48.6555730957766,27.2740666659611
3472,4.45608067388123,52.3859483536557,25.8858201133564
3473,4.62703307731198,51.6493242783178,26.7750070773409
3474,4.74718254737431,53.4908633363299,27.3769392289105
3475,4.82218100077322,53.2197803982614,27.7229868565323
3476,5.68290538187362,55.6917964047507,30.090658690916
3477,5.7635475408399,55.3437664865918,30.4934473232342
3478,5.76407132588871,55.3400973440137,30.4932502486423
3479,5.68486986794513,55.3641638714696,30.1396636219646
3480,4.83319732370491,53.2645103374803,41.823797708553
3481,4.78904532714626,53.4416809970188,41.7007918273867
3482,4.78904532714626,50.5329198555793,41.7007918273867
3483,4.82069545691183,50.4411873043068,41.6677110908974
3484,4.74905686466777,50.5467228515996,39.7558236281863
3485,4.74665539481635,50.696829250024,39.2029850008346
3486,4.22800505851385,53.0028010877725,36.5067575778699
3487,4.22800505851385,52.7960243022125,36.3403719556158
3488,4.22421638980826,52.9683342384826,36.2580308171938
3489,4.17965435361115,53.1002242289207,35.9829548032052
3490,4.11968947421052,53.151158670686,35.7269709063808
3491,3.83819800777165,53.9420085318442,34.6178051414997
3492,3.71956165794756,52.1963063464279,34.2194984128691
3493,3.7122397022989,52.2118733207017,34.1800389747358
3494,3.69732699834106,52.2863365414784,32.9858185791445
3495,3.7715901952329,52.1247793415533,33.0015421811918
3496,4.30896792854199,49.7747962657897,32.246323963774
3497,4.30475129186322,49.8522209173166,31.8565635932556
3498,4.3035977341894,49.2012819011698,31.8373077840748
3499,4.30202719265087,49.1869524426258,31.826096733137
3500,3.72184039513891,46.1846580839226,31.5385942072882
3501,3.56790834144678,46.4009841992352,30.7291580372842
3502,3.55730629510905,46.4518183554315,30.6695888621454
3503,3.55520275191113,46.4681116263537,30.5146672909354
3504,3.67800088363445,47.4577556466598,31.1027113653512
3505,3.69221468006814,47.8536604775536,31.0712436497617
3506,3.70384022347484,47.8800454510629,31.0980205943144
3507,3.70792908963624,48.5547589270518,30.9629237150755
3508,3.70775287915932,48.5555575574014,30.8198537811357
3509,3.70775287915932,48.5495998519001,30.8198537811357
3510,3.69996351653784,48.2881952533912,30.8186715948397
3511,3.66351138196843,48.2777448247409,30.6884759722407
3512,3.64680457470845,47.5455336788078,30.6299354478938
3513,3.50448683152585,47.7707922778212,30.1199768102895
3514,3.43897146101086,44.8321738135269,29.7627857266033
3515,3.40881436255015,44.9515784110738,29.9524726166301
3516,2.91192853599122,46.0510237807789,29.3846051824853
3517,2.91267684672205,45.9278171601749,29.3851972299164
3518,2.91268940283052,45.9254880293229,29.3812462399265
3519,2.92244113311126,46.0018936898217,29.4216841075395
3520,2.96880131749841,45.8891617723018,29.1041353659994
3521,3.01425351494393,45.8316955998674,29.1214961528066
3522,3.04175021330781,45.7466436311326,29.0339675088401
3523,3.07882916112953,45.5753564073736,29.0954073776621
3524,3.09878636695753,45.5958802753019,28.110679558823
3525,3.18738010026881,45.4911031315377,28.276277875466
3526,3.34618474701925,44.7447650426889,27.6128002534075
3527,3.34694541191911,44.7407281982832,27.64145322045
3528,3.34694541191911,44.7075734040505,27.6557507745377
3529,3.34270704133423,44.3008078498875,27.7109172467804
3530,3.27203208759013,44.1345048763022,27.6766110833151
3531,3.22542853636636,44.3291368607162,27.5249997511531
3532,3.14316159221372,44.7114266175559,27.2574386677201
3533,3.08356713720654,45.0090122461529,27.0924788519708
3534,3.06539808441185,45.1489778626454,27.153418650471
3535,3.06510681279079,45.1968022993723,27.3616476414755
3536,3.05865691067013,45.2682930002265,27.3252210111908
3537,3.1453132673813,44.9090780190764,27.7771182673977
3538,3.28386069796131,44.8830578781706,28.4268376386423
3539,3.33972347650517,44.7691712832104,28.2785558081578
3540,3.50906358003796,44.7768112797951,26.0554686237192
3541,3.50934036376946,44.997039129626,25.9607205928705
3542,3.51009032687222,45.0542535163151,25.8075878596824
3543,3.5113909411306,45.0557170351289,25.7692640673848
3544,3.48699069744485,45.1569677299176,25.3541823001866
3545,3.48073127174191,44.6265517971914,25.4967123364501
3546,3.44498637893372,44.2582730265136,25.314448814779
3547,3.44126379588804,43.87793942962,25.450644730195
3548,3.36907907233107,43.9421367148167,26.1439795427356
3549,3.36838471840769,43.850518610376,26.1370522125009
3550,3.36838471840769,43.857689026818,26.124452210437
3551,3.39246011449309,43.8450179139029,25.9777535498367
3552,3.70153559561899,47.5572600696123,25.5086444937835
3553,3.75439042762962,47.3213765174154,25.6160566554571
3554,3.97953442908502,50.986157689916,24.740512033096
3555,4.03566884491448,50.9157519156109,24.9763995034047
3556,4.44838567855666,53.1723112764649,25.7820569680092
3557,4.49587499848081,53.0617254833591,25.8278186105646
3558,5.21954899367401,55.2593981893891,21.6480192816698
3559,5.31013957183533,54.8596909802944,21.5834845020666
3560,6.02656330417452,51.6903589185039,25.2132875721759
3561,6.02656330417452,51.1179204645635,25.1525622325718
3562,6.02656330417452,50.7106658091799,25.4478368824593
3563,6.00670138096336,50.7047401925453,25.3199636547062
3564,5.69380195908231,51.0738717695069,26.2442104167801
3565,5.60467475647083,51.4180034435427,25.9443823735635
3566,5.6084447456743,51.4355695926541,26.6007508886483
3567,5.61252102568278,51.3953006016733,26.785469597752
3568,5.66976724056014,51.9681299232237,27.0812669355929
3569,5.69310639424284,52.2377085235855,27.0652695301847
3570,6.14815932726981,52.0067444454811,28.4634069848674
3571,6.26663808813355,51.5519901270823,29.0260064483381
3572,6.27137387174788,51.5312575007205,29.0357124839649
3573,6.2853452709656,51.4212027360988,29.1435099824344
3574,6.18900512483602,50.543563405881,38.2299632414429
3575,6.15464777538579,50.3218217061018,38.7581663530005
3576,5.53469360178634,51.4542757462465,37.3249727205292
3577,5.40617931702723,51.9675275998062,37.084437904386
3578,5.35192751833766,49.3644327723541,36.801265920278
3579,5.31053891552907,49.3025185454743,36.5788541065293
3580,5.30813832821997,49.209566026365,35.0318466838209
3581,5.30371525638046,48.9671177432363,34.9536356658769
3582,5.30371525638046,48.5680025010874,34.9528117244494
3583,5.29106032591599,48.5679032567635,34.9689754693875
3584,5.01201877423798,46.3740935199274,35.4220954767686
3585,4.95944715404213,46.5245317410782,35.1781431775415
3586,4.77864267250461,47.2619880908086,34.2719055839946
3587,4.77864267250461,47.2551202845219,34.2763308700296
3588,4.77949918712272,47.467507675186,32.2120333577178
3589,4.85422705317306,47.3143497347134,32.441179125298
3590,5.07887280054793,46.8716985775814,28.3678859070304
3591,5.07698538473279,46.9236099858693,28.3042254740684
3592,5.06723939618305,46.9948717905529,28.2038898761236
3593,4.9965805095203,47.0927404275595,27.9806171100471
3594,4.81840959371719,45.7423328144136,30.7379921839239
3595,4.70821304516403,45.9904443324247,30.2745395437344
3596,4.30319385109998,46.5213317728483,31.1212445343196
3597,4.2036103107577,46.875632996383,30.6890209877971
3598,4.13949780895213,47.1620736761957,30.8104934521937
3599,4.13949780895213,47.1653675952364,30.8290171363945
3600,4.13781769755994,47.2878960684197,30.8224392484377
3601,4.18856054565414,47.0564786677822,30.5860175984817
3602,4.22991752904619,46.8667756473825,30.3789878341908
3603,4.22991752904619,46.7641653675103,30.3704369067885
3604,4.23041361082005,46.3990549965925,30.3617131640993
3605,4.18195523721105,46.5901924258333,29.8305467600278
3606,4.18341011615746,46.5845638775716,29.5819170687718
3607,4.18451696705275,46.6096144687449,29.5742152062493
3608,4.36897191200284,46.4856009394147,28.2263670358514
3609,4.44149831498841,46.4508097060101,28.3229737455653
3610,4.70159052233004,46.1076879578617,28.329542439837
3611,4.77270259713464,45.7833335706942,28.6984371329606
3612,4.77270259713464,45.7839639337713,28.6984371329606
3613,4.77270259713464,45.647271190267,29.1070161823782
3614,4.04491379864085,47.7079850788152,29.6825793806783
3615,3.92674717864002,47.7029884431834,29.8286819754551
3616,3.68037557012992,48.3111590015908,29.3021678260199
3617,3.61081770666199,48.5901112729664,28.9415846691921
3618,3.61081770666199,48.5270937913785,28.9412373334354
3619,3.67883114566189,48.221431822358,29.2766041647178
3620,4.10099314373124,48.1757550571045,25.4171264801462
3621,4.18002117510081,47.9066421712416,25.4038538638666
3622,4.59087287243221,46.252680935591,27.0557721605533
3623,4.60717545892599,46.1840827934583,27.0957543379307
3624,4.60717545892599,46.1713269091762,27.0957543379307
3625,4.59087287243221,46.1883592404127,27.1380750750732
3626,3.78956711993267,45.052053351094,26.0077762749445
3627,3.7887430126376,45.0435472909374,26.3344786587266
3628,3.78749878562335,45.0480794602886,26.6032826469621
3629,3.80975329852578,45.4713056489298,26.7343416975307
3630,3.8080719351901,45.6506921297495,26.7965048464849
3631,3.80691994769213,45.6928503340214,26.7678530039482
3632,3.7441768291856,46.0276548028036,27.2605764525908
3633,3.7441768291856,46.0083881172093,27.4416154946305
3634,3.7441768291856,45.9566754224955,28.7127896707419
3635,3.74457871230199,45.9506831979498,28.9235439723583
3636,3.74457871230199,45.5467948423839,28.969086205034
3637,3.66303573131334,45.677682758467,28.54678445562
3638,3.65825886696848,45.6993034454857,28.361741481269
3639,3.65738185796253,45.7062155334222,28.3233905825763
3640,4.3574137894126,46.2674866871457,22.4280389396884
3641,4.40215078566288,46.7515350939007,22.3507227601692
3642,4.40215078566288,46.7515350939007,22.351857081916
3643,4.40226588835762,46.7510164592489,22.3719768313921
3644,4.67377472476952,44.5481016105151,24.6723294142923
3645,4.67377472476952,44.5419211393433,24.6962251604025
3646,4.67297832815031,44.5133457506039,24.7026101263236
3647,4.72457407721804,44.4138271747609,24.4260470104039
3648,4.72457407721804,44.3559389928765,24.428519564825
3649,4.72457407721804,44.3494750588066,24.4309778726227
3650,3.71255790871096,44.6374368969713,25.9592390180829
3651,3.70825051509376,44.3459083618558,26.4373581136773
3652,3.70825051509376,44.3438039634446,26.7448237872375
3653,3.70825051509376,44.1395787891512,26.9488319635057
3654,3.57892919530036,44.5732232550969,27.0889155195994
3655,3.57698725690924,44.5829632713069,26.6380078285539
3656,3.68690942267726,43.8688248810857,26.8287345773057
3657,3.68655402688838,43.8841484444175,26.8036703427224
3658,3.68457777768722,43.9091806254001,25.207350410514
3659,3.70941869378979,43.9204671749433,24.1857054147299
3660,3.70941869378979,43.9658306383403,23.6028666054873
3661,3.71230922343101,43.9010502518787,23.4488766866185
3662,3.64493758473797,44.2320273178444,21.5330291436839
3663,3.64493758473797,44.2318308081417,21.5772682790301
3664,3.64347706032143,44.2382104383409,21.565990872053
3665,3.72391114493482,44.2985494105231,21.8742032060312
3666,3.72114584919249,44.374333817173,21.7530681466991
3667,3.72114584919249,44.4320662849774,21.6909726578599
3668,3.63988416987084,44.2367938864415,23.221184925774
3669,3.59541421637922,44.3551822453582,23.2058028212953
3670,3.10891763286611,45.5478018476623,24.352619646942
3671,3.10906128571622,45.4759555611043,24.4110866748917
3672,3.10906128571622,45.4072859157566,24.421152604193
3673,3.15425159568071,45.1726902200567,24.6838074847974
3674,3.15970240656491,45.1595814913313,24.2164480187844
3675,3.16704014644238,45.1254132564978,24.2121468563118
3676,3.19659069609613,44.958065881233,24.3042618289282
3677,3.27357398409368,44.5611232417706,24.6087404021257
3678,3.33596588991581,44.993326932857,23.9946604800186
3679,3.41499126906459,44.6068484166277,23.8511323558461
3680,3.41312065478199,44.6076476036802,20.4120209671097
3681,3.41042069115035,44.6146067857781,20.3751487809281
3682,3.56488421245468,43.8794773842591,21.1395866133498
3683,3.56477531606994,43.1040370367601,20.9831319039272
3684,3.55934485021133,42.8207522693876,20.4555019905791
3685,3.55908058771828,42.8170527843369,20.4653882869737
3686,3.55908058771828,42.5396506619052,20.4660842146442
3687,3.55417998459316,42.491499568059,20.5423478346741
3688,3.15907723053253,43.7596138778228,20.9687594612816
3689,3.09177270184558,44.0283315355771,21.1506297012884
3690,3.09356611210377,44.018641592567,22.9988363598084
3691,3.09177270184558,44.0689952978277,23.0451141129535
3692,3.06661823584026,44.031363469967,22.9875434533608
3693,3.07033649559978,44.0893154155415,23.0658224156734
3694,2.90032393175043,44.8689468995339,22.9038903978787
3695,2.87973812684474,44.8093041094839,23.546458836715
3696,2.83132212087957,43.1081860428017,23.2928661406455
3697,2.83132212087957,43.1095188585112,23.2890335079579
3698,2.82998889466105,43.1372147296392,21.1589129940644
3699,2.94526062014972,43.1433591205,21.1095477294781
3700,3.27322387574201,41.5979358638742,20.2650986342075
3701,3.27322387574201,41.6047959907729,20.2067896193403
3702,3.27231427342335,41.7723747496061,20.1658526661401
3703,3.22376775303655,42.0153016427494,19.8371076194508
3704,3.22452001202724,42.2523295353084,19.8443143883912
3705,3.22512930428411,42.2416906771564,19.7298582434671
3706,3.36078189875074,47.0651495029825,17.9562283196832
3707,3.38006149271588,46.9787329839076,16.8926506208184
3708,3.91981804598389,52.9060116850068,16.8021529908238
3709,3.96487286241213,52.9100428342759,16.4017140916966
3710,4.51142577557839,54.9986441470526,19.1496064204628
3711,4.53523399720707,54.8805198601881,19.2866435295836
3712,5.37482649729142,52.7045308993938,23.282118319641
3713,5.43828650853631,52.7140671263463,23.214763887643
3714,6.00508752283092,52.5413863044334,24.731191274674
3715,6.00508752283092,52.6846084054186,24.731191274674
3716,6.00720934294792,52.6755832807958,24.7309931506116
3717,5.94691986322547,52.8214516355272,24.5374523371628
3718,5.59032152979759,52.303086254833,29.2230559032972
3719,5.5964477543008,52.1617183419744,29.2854826647399
3720,5.59769112019931,51.3312312047682,30.8071988240824
3721,5.58470914672258,51.3905422214194,30.7311089954547
3722,5.39447123731596,51.3873852710515,29.7011875175504
3723,5.38994766466486,51.3869491660029,29.6366562647194
3724,5.32750769148076,49.6212662066132,31.6702319804955
3725,5.32460368777909,49.6242719726869,31.6579667159395
3726,5.32278334319225,49.6584048644752,32.0665748561194
3727,5.34162518127103,49.6063791457112,32.0908439729224
3728,5.34084651257139,49.5886164524713,32.0867416103493
3729,5.3372309614278,49.6042299881961,32.1259596010235
3730,4.40598416535532,46.4097387394739,32.1864763732456
3731,4.29356856555117,45.9656634145062,31.7191570388922
3732,4.28451997744553,45.3283201970092,31.6726106775644
3733,4.27504900607902,44.8942914231768,31.4581791930685
3734,4.26184879031882,44.6923520367498,32.000962797629
3735,4.25410832911464,44.7176899349242,31.9615626907317
3736,3.60631161825219,44.9741161582718,28.9351734371029
3737,3.60061344059526,44.8244507326117,28.9447926885
3738,3.60061344059526,44.7212810748727,28.9713232311373
3739,3.60127800233748,44.705239369546,28.7520100233849
3740,3.81867612117117,43.6861797976053,27.1245297953713
3741,3.85771753688061,43.8763723750711,27.3158885121499
3742,4.11208602105349,43.7991031472812,26.0688521056791
3743,4.1591063049746,43.5815166709242,26.1865262830293
3744,4.1591063049746,43.6237267469911,26.1289462984444
3745,4.15832811845564,43.5900107949498,26.1227233364358
3746,3.97633008021792,43.7817819099326,27.0698084063441
3747,3.92732498679826,43.7105918082015,26.8597292365859
3748,3.63524291399506,44.250011924637,27.5996059711954
3749,3.63378644461263,44.1241194645247,27.5931653302235
3750,3.63229309399538,44.1007991428571,27.5744415917867
3751,3.6317426655063,44.1042355937731,27.5937687903606
3752,3.6317426655063,44.1796685740292,27.3604020273499
3753,3.63881105848076,44.1491537450161,26.6696371107337
3754,3.86180407742658,44.3156691233379,24.638663687155
3755,3.91728975405109,44.8116551757805,24.8106495576073
3756,4.09614782545089,45.3015699172962,23.2297396858442
3757,4.11100673038268,45.26145931725,23.3084600083828
3758,4.11100673038268,45.2926091285359,23.3071989125307
3759,4.11100673038268,45.2830253033111,23.592000475089
3760,3.92076495234103,44.9845420598247,22.9955350451968
3761,3.8808229098535,44.713164765214,22.9312450575475
3762,3.76161307948903,43.7697248701787,22.3962545888044
3763,3.75032302414859,43.808827042098,22.3569275567626
3764,3.74467936651442,43.6883916261722,22.5176287597997
3765,3.72947195040539,43.7597647696362,22.5597015318985
3766,3.65902402288658,43.3902194450427,24.3923107345239
3767,3.63013752628005,43.4365090851827,24.465360252013
3768,3.63013752628005,43.4419799699909,24.4635980720874
3769,3.62965716396335,43.5156093417099,24.4551734988279
3770,4.16297227838339,43.5229287248678,20.9822677744603
3771,4.40287908608095,42.8238217833102,21.6248987511861
3772,4.40287908608095,42.9031077162782,21.6248987511861
3773,4.40756785751229,42.4905348359387,21.6610523376659
3774,4.05122997549903,43.7405852512272,24.5262605161865
3775,3.98966780155711,43.6667071655446,24.3150096103603
3776,3.92172510710304,43.6594872452452,25.1298891435351
3777,3.84204573083593,43.8459079152473,24.8522065567646
3778,3.79957568847015,44.0030818496879,25.1468281416477
3779,3.79353718482707,43.9921122271588,25.1106687350959
3780,3.76531753988308,43.8973569179569,25.2674916517239
3781,3.73029380345566,43.979738844554,25.5542766673567
3782,3.73070398674549,43.9801983472865,25.5551810953253
3783,3.73070398674549,43.9823679225339,25.5571148071831
3784,3.96295428422806,43.4401901636771,24.74380934332
3785,3.96240354146516,43.8571525800755,24.4387216185419
3786,3.96240354146516,43.8714660578496,24.2205587769278
3787,3.84383188226469,44.0275349485155,23.416963026475
3788,3.84963856978359,44.1087168162466,23.342381106706
3789,3.85585925080322,44.4851981065979,23.3611420777845
3790,4.86656410364634,48.6750052359224,18.3724373031582
3791,4.87612941561632,48.6640163171963,18.0631029399436
3792,5.9528903407365,47.9513707530528,22.4208715773003
3793,5.9568914932371,47.9396404976429,22.4354533944925
3794,5.96107681618039,48.0198036324217,22.4719857412014
3795,5.91527935343032,48.1660730037941,22.538273184266
3796,5.70803479763619,47.8728826657355,24.6883831421847
3797,5.59852866092841,47.4586021404711,24.4749179653249
3798,5.55416435994603,46.8462846041512,24.7549200635352
3799,5.41525245650773,47.079478395162,24.2085875564893
3800,5.41525245650773,47.0811971891921,26.5659502049342
3801,5.41184488529927,47.1010670291844,26.5320461942357
3802,5.5249416933568,47.6003705382976,27.1222789564083
3803,5.63674138490134,47.0391976278133,27.6341907460271
3804,5.66247987240892,46.9083778832754,25.571699925988
3805,5.67161041609511,46.5902874275029,25.361608398672
3806,5.85596374648964,44.0472362138266,26.1417634468295
3807,5.72503735273849,44.6454950594742,25.4424024897104
3808,5.72437949944411,44.6539696127794,24.5087621803263
3809,5.74694278826197,44.622965719208,24.2718270635859
3810,5.74413839573693,44.6358060177969,24.2568877604341
3811,5.71378067881271,44.7139215687035,24.1511126059098
3812,4.8124980811525,48.3290982947299,26.8308611948894
3813,4.81236644611434,48.2290370358516,26.8229355241966
3814,4.81236644611434,48.22920018278,26.8140348968753
3815,4.96160022243318,47.6847044099803,27.4941311514869
3816,5.56169353523449,45.6346897088027,27.1891936976726
3817,5.57016200377713,45.8172809778424,27.031998926396
3818,5.61019872646817,45.7017857898482,27.1027215595892
3819,5.58337916265054,45.7383461808033,26.9758537486877
3820,5.58278640999963,45.9366992276992,24.541392179907
3821,5.60570422918875,45.822421121549,24.2112318952121
3822,5.60505901690386,45.8152053741386,24.2200679849499
3823,5.57405235875551,45.3223003953934,24.0624851420939
3824,5.21913734631747,44.8159921328485,23.1024111932639
3825,5.21679243332168,44.8360553457636,23.5620344005149
3826,5.21461470339329,44.8556265218038,23.8364684520226
3827,5.2333696880862,45.1683435519771,24.0285954765375
3828,5.22217098328261,45.1619213769589,23.9840382980674
3829,5.22169195053166,45.1623776981339,24.0513121676007
3830,4.43259677525739,44.3646815874415,24.2806567898134
3831,4.33133321739739,44.4244431035704,24.0078485638809
3832,4.33133321739739,44.4241435374033,24.0083811278715
3833,4.33343351036041,44.4115147189054,23.9814771766073
3834,4.94751717681231,45.5056885114622,22.3899303839302
3835,4.94590435150269,45.5677456206412,21.747289176864
3836,5.07084057067538,45.6040781726015,20.4517444916341
3837,5.06968880600098,45.6083688983869,20.379420694986
3838,5.06968880600098,45.6207815852455,20.3858731499943
3839,5.0237014470428,45.8223309935264,20.164586852364
3840,4.97707401579439,45.9775030720777,21.2764179894238
3841,4.88024615780327,46.3313814777275,21.3669088101318
3842,4.8777673647985,45.8618709102575,22.5425163684666
3843,4.8777673647985,45.9050174287855,22.5149831606499
3844,4.88894851735269,45.9360799031672,22.43659783502
3845,5.00670238127328,45.8200525476468,22.8194763697851
3846,5.00670238127328,45.8186518015225,22.8219420897582
3847,5.00585396734068,45.8209604187153,22.8124317855136
3848,4.34243308515149,44.6899358186371,21.7653474480334
3849,4.34243308515149,44.6355793363818,21.8466626482629
3850,4.34242702384245,44.5375616231635,21.9997261023117
3851,4.42079436564177,44.1794972852406,22.1532931406477
3852,4.79014482962351,44.4508863381889,20.7796031346745
3853,4.79014482962351,44.480386346833,20.7230131295783
3854,4.78828024658366,44.5113297436327,20.6609549275848
3855,4.76948072378133,44.274162377459,20.7611190297248
3856,4.46056078445685,43.9891668124428,20.5792755211959
3857,4.3847928707171,44.2112776076638,20.3450995411564
3858,4.15263075395315,44.9855629654741,21.1279099886121
3859,4.13954278302744,45.0525836250155,21.1705276982344
3860,4.13812642130857,45.0627475163905,21.2606965921705
3861,4.15116373782989,45.738211852118,21.4104599842725
3862,4.15029233848991,45.7356822192171,21.5193541525492
3863,4.13507927611737,45.7974718980305,21.4873117694769
3864,4.01232872694964,45.9064556922869,21.7973705392356
3865,3.9069857607554,46.3703771750063,21.4697547328394
3866,3.9059900103996,46.3433851774302,21.5135858860027
3867,3.90587209755529,46.3423103852791,21.5113549313253
3868,4.2686319833142,44.8957852900284,19.9894760278549
3869,4.3489295000181,44.5692533000864,19.8051067513407
3870,4.88543398310049,43.5202169562647,18.2720363122683
3871,4.89431094904398,43.5496875746226,18.3132772160897
3872,4.89944566356602,44.0534799103719,18.3373650312707
3873,4.88778030611598,44.2163887112637,18.4209710687203
3874,4.8796464483959,46.4440056621987,18.6185689964235
3875,4.85131891810041,46.9453718691659,18.5519790374008
3876,4.88287928055008,46.9059354046713,21.0525159334858
3877,4.88892553083077,47.3032092704961,21.1664807418713
3878,5.01889623578588,48.4094688562611,22.5984310028043
3879,5.02295060427529,48.4440058985292,22.7180888683736
3880,5.2328356401461,48.7689871955014,23.8094908188755
3881,5.27051671261165,48.667167342539,24.0072226074229
3882,5.63047171929574,47.1692924538489,27.0483117853783
3883,5.68150187040053,46.9608434152665,27.5593068927191
3884,5.69294209947603,48.0427401184864,30.0192349447851
3885,5.66643916334004,48.0980648751007,30.092625791121
3886,5.28611200330431,49.7340913873386,28.2279907918119
3887,5.27856600644871,49.7088000676816,28.2135804409271
3888,5.25305502643359,49.7958790702792,26.5427454764439
3889,5.25199455395973,49.7999859639085,26.4986713044716
3890,5.23408774953205,49.7819860235279,26.4021372708911
3891,5.23278097905786,49.7712939023223,26.395282661359
3892,4.84349695210534,47.6495249160012,27.3498966702736
3893,4.8335988141599,47.4822806268947,28.7130065963425
3894,4.12424833521992,48.6700336855476,30.0073266817372
3895,4.11714300542137,48.474608689776,30.2836941548932
3896,4.11081720792246,46.0716242645647,30.2504836033819
3897,4.11114864292385,46.0655398828432,30.2599004243378
3898,4.21034372497935,45.6090936522874,29.2575760327806
3899,4.21129156401553,46.2917731082445,29.2337972923808
3900,4.45053968182651,45.8562273363789,27.4893252599479
3901,4.47044224873031,45.8170822911034,27.5754873743735
3902,4.94150710544338,46.656869550421,24.8910187059107
3903,4.98629365274314,46.4514351661619,25.1122480676282
3904,4.98629365274314,46.4546861818429,25.1141132557384
3905,4.98629365274314,46.3819433823882,25.1083933964855
3906,4.87118964965287,43.5362253559468,26.1110568123972
3907,4.80578114879538,43.7746623775542,25.9094693739733
3908,4.21249951246846,45.2110278878792,28.0912321668415
3909,4.20069687962595,45.271503873905,28.0281186168984
3910,4.1985533304482,45.2894743281688,28.0138866077828
3911,4.20939194928896,45.799481009779,27.5300725164411
3912,4.40374323032099,44.982411630938,27.5008756749166
3913,4.45466258954153,45.0380994853862,27.7375010572832
3914,4.46406406263256,45.1640093700458,27.7501314102771
3915,4.49016985379916,45.0433016296651,27.8704937445015
3916,4.63990297635435,44.8184560312924,24.7545086497565
3917,4.71506938604889,44.5140998440559,24.6878151981492
3918,5.08679156518264,45.4889740159726,23.5500307312924
3919,5.08679156518264,45.703234936724,23.3898197731233
3920,5.08679156518264,45.712680145333,23.3733460049318
3921,4.89291171322541,46.3991930155498,22.3573962802856
3922,4.70458138690784,43.8068798391628,23.5386584281717
3923,4.68497692020801,43.892616341951,23.8039796937146
3924,4.62319441181488,44.1825669351936,23.7409321760866
3925,4.62077546385435,44.2191867394464,24.0622997007985
3926,4.62041502768408,44.2352953398657,25.2436015962088
3927,4.63414137850639,44.1924063751944,25.5044467513136
3928,4.63423481244271,44.2057561626268,25.6004487943172
3929,4.63325189251272,44.2177852378304,25.6222484396893
3930,4.63325189251272,44.2234767749906,25.6769744518797
3931,4.59184592387897,44.3172792960614,25.5912597185407
3932,4.49898930077159,44.550197871362,25.1490418768584
3933,4.49898930077159,44.4233431096422,25.177249520041
3934,4.50027913660243,44.3719373304055,24.374101458216
3935,4.55011857005536,44.1320478925818,24.5544834226176
3936,4.70477201255151,43.38960030047,24.932717522328
3937,4.72199308274565,43.5758675001899,24.8877213006496
3938,4.74754929854955,43.4188961900231,25.0173976428966
3939,4.75386931305497,43.3798282159066,25.041032494863
3940,4.75386931305497,42.5355218777714,25.3005400522834
3941,4.57567290058066,43.3729441420646,24.3671533933585
3942,4.36355814498612,44.3582990896678,24.8341460100982
3943,4.36177254450814,44.8076929220194,24.8483152005659
3944,4.31421601187746,45.2332490739637,24.8369445697566
3945,4.29138653238685,45.3433308967909,24.8063536012782
3946,4.27169536220949,45.4444935486987,25.8779055997098
3947,4.23883799978541,45.1686804225658,25.6805502353789
3948,4.09499052501853,45.2925379761686,24.929974127129
3949,4.05502805482686,45.4026790944277,24.7103698283436
3950,4.00000460776136,44.14150656998,24.4083169429113
3951,3.94786151960748,43.9939969229524,23.7044110216122
3952,3.8994860688778,43.6170509695423,23.0385152509998
3953,3.81523494603999,43.8022131222373,22.4755308434956
3954,3.79333281840058,43.1818538901608,22.374607793494
3955,3.78694177835035,42.76461178053,22.3236922575375
3956,3.78694177835035,42.7709569892697,22.1686100717288
3957,3.77633834258978,42.8218009543127,22.1109628871402
3958,3.77633834258978,43.5084924540029,22.0414056719695
3959,3.807064947002,43.4066051650646,22.201233636415
3960,3.93270023897518,45.5568623478959,22.6948610587958
3961,3.97841465351074,45.4060474891557,22.7515025047486
3962,4.10673128001785,46.5899456270047,22.1941156427242
3963,4.23818468182702,46.1112435366932,22.5403699246417
3964,4.76003924555652,45.2715668237887,22.4402121437284
3965,4.883589101745,44.6936122611306,22.8095097193284
3966,5.10134952447496,45.6938096123483,19.1880835789726
3967,5.22957948467443,45.3536646505514,19.2395695811233
3968,5.82333290909573,50.2931216089098,22.2414897565347
3969,5.82508025601735,50.329543856787,22.7587771187216
3970,5.83156416272896,50.3570241215788,24.5634681062714
3971,5.76192224409701,50.6412221475833,24.9193225757064
3972,5.52086163221529,51.3951016046165,26.2254447895067
3973,5.51511452175764,51.3364148718601,26.6100424364516
3974,5.48572681581614,50.8622328568135,26.9176953524897
3975,5.48672336148997,50.8494483046462,26.934456935887
3976,5.48672336148997,50.8417196895002,26.9525736508449
3977,5.49981985179511,50.8970357819015,27.0002347005735
3978,5.73972538237371,50.8600390096446,27.7951415688219
3979,5.81289091721853,50.5328995333592,28.1469854139708
3980,5.78278290858306,50.6700350515244,27.9873948026355
3981,5.78136227634808,50.3298829321577,27.974448880376
3982,5.34511692745523,49.2217943733578,26.7354204262093
3983,5.0596529024528,49.9727300341938,25.2032988166909
3984,5.04688329114527,48.0289769431479,25.1230471526097
3985,5.04498488596386,47.8983471448711,25.0758342138218
3986,5.08041646984679,47.348482540469,25.2259798946652
3987,5.0803801724411,47.3166601661212,25.2320497999196
3988,5.07970983101448,47.3161055251572,25.2751113830564
3989,4.56848370455936,47.7577491177205,25.0097115583249
3990,4.56046513856835,47.1119572353457,24.9762446775261
3991,4.56046513856835,46.9295045380815,24.9935025575057
3992,4.56046513856835,46.9207979240241,24.782886664268
3993,4.6399539562349,46.5301258403278,23.0383572812226
3994,4.69992829389323,46.317285449375,23.2498112956939
3995,4.71949241195596,47.1104506118129,21.2055883060811
3996,4.76013074457877,46.9561650380362,21.4038440772208
3997,4.77213520691709,46.9479024345941,21.1979968474338
3998,4.77213520691709,47.1037108447035,21.0353855413257
3999,4.77102291014224,47.1070337114125,21.0236646677104
4000,4.76540661694507,47.0571113554601,20.9585964213433
4001,4.42136680628307,46.9085487815842,21.6764363340457
4002,4.40151711133483,46.8035272265247,21.7635801562933
4003,4.38304536222428,46.4564410754656,23.2140878300166
4004,4.38028683165915,46.4610756771985,23.2066252683381
4005,4.38297866168952,46.4467290110644,23.224426195914
4006,4.39129161240533,46.5858048613224,23.0749940794935
4007,4.50899264585411,46.1367526161332,23.4798237231993
4008,4.54648549265106,46.0350057415034,23.3201975812287
4009,4.6182541273683,46.3365573655802,23.0629004253772
4010,4.67575283324293,47.278198256249,23.0351777676233
4011,4.84191520861559,47.3441580157006,20.240597643954
4012,4.84191520861559,47.3444180547074,20.2308410046872
4013,4.84191520861559,47.3188220866843,20.2754464283143
4014,4.8380164773648,46.7654623996049,20.4758031038698
4015,4.7791703919129,45.247630420249,22.4689592299992
4016,4.75955491721572,45.0547779313878,22.5089279921294
4017,4.75264645428454,44.3037088286019,23.1075040442694
4018,4.74738676251,44.2582613718654,23.2442412039783
4019,4.63311690231301,44.584796239523,23.7901732038999
4020,4.52400934957875,44.9969406765203,23.5270131812579
4021,4.28189663354522,45.6263173973688,23.5843540626796
4022,4.28119445855958,45.6211787950142,23.5807008363042
4023,4.28086844189373,45.6137342891192,23.5433049894105
4024,4.35745472709703,45.2661372153719,23.571371707245
4025,4.80362933549124,44.0844385773139,22.0478379665735
4026,4.80362933549124,44.3027183298724,21.7948602290545
4027,4.8055827369961,44.2909145478014,21.2742605284271
4028,4.77889145805806,44.3973885794713,21.1418075956262
4029,4.70004124582197,44.2004682741684,20.7180005577368
4030,4.70026426534305,44.1892143145772,20.7326638386723
4031,4.62176466821927,44.5498110322377,20.3416187194116
4032,4.62154534072345,44.5574667022683,20.6289374876085
4033,4.62121735302459,44.5549275295269,21.5518310679004
4034,4.56719803021311,44.5074695592651,22.1897940215065
4035,4.51980808568149,44.478067549675,23.2902960010153
4036,4.49627032969567,44.5538792196418,23.1806376090723
4037,4.25778577026336,45.4424752106831,22.1793816976825
4038,4.21757943263599,45.3259343136349,22.1191082289633
4039,4.1242106825379,45.2997431475934,22.2228171433079
4040,4.08610008033649,45.403496756943,22.0257370950662
4041,4.08610008033649,45.4035044637237,22.0257239170789
4042,4.1242106825379,45.3041770166142,21.5262553452962
4043,4.83321424759714,47.7667895129368,16.8448035286975
4044,4.88015038223395,47.6586005345034,16.4622398560737
4045,5.91058614495888,45.2374417102657,18.2261443500705
4046,5.91937012401417,45.3734611407379,18.098114470674
4047,5.91937012401417,45.5915706046274,18.1088775448893
4048,5.84774210220149,45.9305803210908,17.8946752919444
4049,5.83460982105292,45.929324265024,20.1871048273757
4050,5.82796106077576,45.9596288474207,20.6906125700478
4051,5.35506044436405,46.4550706378361,22.0544121293005
4052,5.3011523730254,46.5483371320747,22.3347541098315
4053,5.22892838525299,46.8120586110592,23.269221220326
4054,5.2307690638247,46.7035638445832,24.264740429351
4055,5.20950047998097,46.8764245313739,25.9406961066425
4056,5.11346640466082,47.3404607914344,25.4425128612919
4057,5.07160366473719,48.6686736002936,25.2434930687703
4058,5.01824923924118,49.4210745416981,24.9365623151102
4059,5.01824923924118,50.1244625943811,22.4072026491465
4060,5.07160366473719,49.9311879485046,22.4378436435339
4061,6.00388358003284,49.1566893893497,21.9137863576537
4062,6.10692666389618,48.9029839510133,22.3263793466152
4063,6.09580999686191,48.9539986710111,22.2660925081897
4064,6.09247220987282,48.9702223098751,22.2916477128496
4065,5.09243306864625,48.9857426051703,22.3710099571229
4066,5.09143143430031,47.4011762700245,22.5536673602034
4067,5.05129443038419,47.4635332146115,23.3236140350494
4068,5.00381842291161,47.6728120063655,23.0774133180751
4069,4.90898800787595,48.2275493156587,22.5880114907526
4070,4.94181695771168,48.1397727276626,22.3432843730135
4071,4.99305137716186,47.8993267190269,22.5355629202603
4072,4.99305137716186,48.3502925920079,22.5028490691468
4073,5.31354707954517,46.8909363869695,21.7238493784844
4074,5.51012975735669,46.1126977710229,22.5106760264508
4075,5.51012975735669,46.1149179407886,22.5066996309688
4076,5.50288786377869,46.1413985567797,22.4682391534105
4077,5.10673918181657,46.7715773971928,22.4421482125435
4078,5.10673918181657,46.7623121138101,22.6752025509675
4079,5.10673918181657,46.7591654591792,22.6760465552554
4080,5.14834745489015,47.0003882052784,22.8917946850363
4081,5.14720473156904,47.3902555965368,22.8632720314334
4082,5.14579938533925,47.3673002017364,22.8556985725227
4083,5.11094470582247,47.4435466237181,24.691009844072
4084,5.00712986536576,47.7935585447266,24.7002754777877
4085,4.83691625988458,46.7152529051161,24.3093939161589
4086,4.82136777692987,46.6345365625545,24.263538140014
4087,4.82136777692987,46.6065628595564,24.3195483429503
4088,4.82136777692987,46.6055014677076,23.9855625792806
4089,5.10786373299261,48.0450380040146,19.4992076528586
4090,5.21872316064952,47.6787098907835,19.950268752096
4091,5.77729602657959,45.9257536500842,20.0012205310542
4092,5.78984395294762,46.108738171314,20.0547098824385
4093,5.78390509716603,46.1300451633712,20.0243255085406
4094,5.77051862495318,45.9445743919288,20.3110082796337
4095,4.77791998224849,47.2349230061837,21.6623286125644
4096,4.75897484823162,47.2113086502189,22.1089335032555
4097,4.75678464138254,47.0899352266788,23.9438987581362
4098,4.74811401766473,47.0445769776873,24.5234243218765
4099,4.7374958930853,46.7545624695773,24.6823366903106
4100,4.7374958930853,46.4286751828206,24.9585583624844
4101,4.7374958930853,45.2153024294502,24.9385940685953
4102,4.73196139058159,44.7098628296344,24.8770715042249
4103,4.73360157741268,44.5228032824575,24.4619217739217
4104,4.73462274006492,44.5188778757483,24.2636884170575
4105,4.74576074918061,44.2770043022783,22.6338500828756
4106,4.74576074918061,44.4597290047125,22.286173367224
4107,4.74576074918061,44.4300049964852,22.3090124603297
4108,4.69029037227301,44.5380710962042,22.0455490898636
4109,4.47044003092277,44.2454197267094,21.2076605304677
4110,4.40614216329077,44.4160276152695,21.2000390106973
4111,3.89514653739091,42.3513264210544,22.5160419779222
4112,3.85509865826089,42.3850001254384,23.1361444175898
4113,3.51119899648468,42.706259829032,24.7458414407616
4114,3.42865764033619,42.8919468056639,24.3348063301701
4115,3.05913114907838,41.0065439924949,25.9202438090009
4116,3.0278839675531,41.1362695516621,26.4553666225828
4117,2.622590411653,41.4665267481405,26.2323740484325
4118,2.58270947189856,41.3388656698516,26.8404070397173
4119,2.02904289991186,42.1441879359039,24.9282200830327
4120,2.01384504858298,42.0591217651695,24.8284998633395
4121,2.01122442356298,42.0712724520772,24.8152264342811
4122,2.01008175244834,42.0972372864946,24.6600712099211
4123,2.35131547520792,41.5412348836743,23.8156726658333
4124,2.37666702319288,41.4234378910329,23.9334520684165
4125,2.47693131658743,40.9698311233944,23.5992368453753
4126,2.49447974149838,40.8552427285189,23.2174258738912
4127,2.49706773032775,40.8300227095918,23.0357894272799
4128,2.49818283523799,40.7984702754212,22.5967882521803
4129,2.49907178164599,40.8286413479003,21.8095879559327
4130,2.50277782322585,40.0901999285397,21.7773936372573
4131,2.46614185638807,40.2573593106001,21.3582716383487
4132,2.47032531852525,40.4299988277485,21.2572156528619
4133,2.47032531852525,40.4203464916089,21.2582929978584
4134,2.41093315934485,40.4584063395366,21.0663765685395
4135,1.12985463781813,40.9814123781704,24.3303295413445
4136,1.12440195740442,40.5689498748935,25.4373818653809
4137,1.08933038526415,40.6880164507319,25.3173196017658
4138,1.08933038526415,40.6825541710975,25.3178684072153
4139,1.08933038526415,41.549858669138,24.5791607347903
4140,1.1593349791867,41.5967702881139,24.3582960415016
4141,1.48427167720967,40.4812469361502,24.1457114398462
4142,1.52160660864572,40.7781270299524,23.6998177696369
4143,1.62295705806721,40.5593688938623,23.3579481112603
4144,1.63001697102571,40.5253727240678,22.810551650115
4145,1.63220614524905,40.51201706919,22.829250887939
4146,1.62652088587047,40.3218476291362,23.0039016435448
4147,0.85061334966671,40.3053608940057,21.2939906782663
4148,0.848109113141277,40.2711606095319,21.8617612349536
4149,0.847558809570437,40.2732509233638,21.8599251575519
4150,0.847372221978267,40.2527895921909,21.8909775947886
4151,1.60096597671048,39.5458625265252,24.9863317713386
4152,1.60006488453931,39.6067720134725,24.8963199515403
4153,1.59999716762397,39.7267542946291,24.725723952522
4154,1.58306907102083,39.7635340132925,24.8954822153366
4155,1.55355485167352,39.8687325237211,25.0318078511349
4156,1.48736790725009,39.3620241575306,25.3185613195372
4157,1.220259111615,39.9720241532389,24.9277146466009
4158,1.18616658671029,40.007300712772,25.1979521950569
4159,1.18795561334389,40.0006865419066,25.2093492056338
4160,1.10311416274005,40.5330668069859,24.5714095105961
4161,1.10646621992559,41.1636126526454,21.9342009044201
4162,1.19999631184284,40.7947680417005,20.96080728953
4163,1.19999631184284,40.8489008891799,20.878939118078
4164,1.10756291409447,41.252136324762,20.384410224632
4165,0.94764175698159,40.5967569001281,20.3528976002143
4166,0.945264321474758,40.4624087428768,20.7369902066785
4167,0.943417790998727,40.4669410505583,21.1961431286948
4168,0.960616002788868,40.3770038208495,21.5193392719753
4169,0.960616002788868,40.3516237602023,21.6845880653674
4170,0.960759138539961,40.3659372137387,21.820674204617
4171,0.814529156243354,41.2239850047632,22.8692090601786
4172,0.792658932289175,41.2889818654719,23.1193273393705
4173,0.737019897887379,41.557340071933,23.0406582637577
4174,0.734563895046148,41.5296039833892,23.2423304514992
4175,0.507943266144873,39.9310545053445,22.2900556268258
4176,0.40994572279166,40.2729194705508,21.9710904886265
4177,0.40994572279166,40.2337162691724,22.0240869672517
4178,0.409905659855746,40.2321074988118,21.7368374508759
4179,0.71029520014223,39.5245826348604,20.198087069656
4180,0.710276521687624,39.5432504802819,20.1930321186493
4181,0.709597686428804,39.6491867442548,20.1461836958281
4182,0.706096169356147,39.666198077762,20.2212683071461
4183,0.687669547502818,39.8003022186971,20.4462063559353
4184,0.632135087293092,40.0977465867785,20.3616229437162
4185,0.62818065155949,40.0922561609371,20.3062298848273
4186,0.61932160166709,40.1369614980322,20.2983504222538
4187,0.086973933507478,40.6721351689209,21.0122127917616
4188,0.0545164043692964,40.6579737308427,21.2673569051427
4189,0.0545164043692964,40.657734390606,21.2672246090749
4190,0.0545164043692964,40.720089617669,21.1777550219212
4191,0.360708624458627,41.3168687360733,22.1842033887464
4192,0.449616013274729,41.0653973030465,22.4798541956231
4193,0.454090553387107,41.412815333831,20.7653434238592
4194,0.454090553387107,41.6168198304363,20.5417601015294
4195,0.515839760015972,41.4459799879942,19.8471235199245
4196,0.53236475789851,41.3472793086326,19.9431265304175
4197,0.991828089474193,44.5615838090744,10.7274668574398
4198,1.04912226063481,44.3098721007441,10.8495925956887
4199,2.95968534896223,43.3477558780991,16.0435726743469
4200,2.98358051438925,43.6943627281039,15.997885768703
4201,2.98358051438925,43.7594989147621,15.9952612050115
4202,2.98538192395314,43.7571825174878,16.1585286306179
4203,2.59707006784322,46.6681487618893,20.4995116920924
4204,2.59747762531173,46.6174774646784,21.4936177296542
4205,2.59853836207715,46.7146690452722,23.3178662004825
4206,2.59886276061303,46.7704357711152,23.3831582407068
4207,2.60168519538575,46.783312006955,23.8616557857906
4208,2.60813318856713,46.6995131093807,24.427264696336
4209,2.60813318856713,46.7941270128616,24.3855589081445
4210,2.62584291857133,46.716328386711,24.4783545501722
4211,2.94119545331068,46.7612198983791,19.7438310410687
4212,3.00195546539926,46.6564261478625,18.8714918949303
4213,3.92567352711059,48.1121448297204,22.8711583215171
4214,3.93207030687133,48.0957241158988,22.9049591243966
4215,3.93747489586374,48.0498326019827,22.9736644224789
4216,3.94142830508224,47.8776601205545,23.5016419937268
4217,3.68914144365982,46.0066828259401,25.3705275714259
4218,3.6857576656866,44.174206937006,25.6128048185788
4219,3.68505001556491,43.855923338891,26.186569821046
4220,3.68261002546545,43.8460313130018,26.2007746566611
4221,3.18336617384831,44.7384767250051,28.4450484655826
4222,3.14554462976958,44.8661745211263,28.2551662862918
4223,3.14008523976075,44.8929320390343,28.2249273338536
4224,3.13964753644558,44.9008926293913,28.1715036692675
4225,3.39252326600787,45.005343145535,24.2698177878279
4226,3.55116919416199,44.3085081969411,25.085014562101
4227,3.78193018578378,43.9793768363516,21.8600151514399
4228,3.78217075783517,43.9825969957489,21.7469943302591
4229,3.78217075783517,43.9655588199494,21.6150746075909
4230,3.77702768717913,43.8155314512969,21.5628003370159
4231,3.76654711956451,43.8191332138529,21.5061864227396
4232,3.75643238193033,43.7523780405759,21.4421837850947
4233,3.67495905543264,42.977653203971,23.3845965669677
4234,3.64094173295513,43.116784855417,23.4455597439373
4235,3.40196910801696,43.8239743576147,25.4012710959019
4236,3.35181700835672,43.5569990327827,25.1455226088948
4237,3.35004235033778,43.5531557297928,25.1566230624631
4238,3.39777532560108,43.8263033451625,24.87576962762
4239,3.43112462771558,44.0133904548357,21.3715466774856
4240,3.46385798198265,43.9614632251681,20.7627728421227
4241,3.46772018591369,44.0067817401104,20.589185529816
4242,3.50200500326545,43.9387245259156,20.2774745749319
4243,3.62371533550737,43.9924837220066,19.1052358647017
4244,3.71160144922739,43.8585737510251,19.316995969756
4245,3.94163841795125,43.3649656563185,18.5836446141147
4246,3.93983870675156,43.3793603318315,18.5961632024796
4247,3.9369229898414,43.3928996342893,18.5880506359982
4248,3.85929656560248,43.5247582591171,18.2555833745811
4249,3.35609771776576,43.3262465757331,22.6470077988241
4250,3.18921412144141,44.0424073556528,22.2350088158575
4251,3.18667681464424,44.0722682849657,22.191144982696
4252,3.34997080511923,43.3187108167745,22.5635477761195
4253,3.55156280784854,43.2217546201248,22.0169604573078
4254,3.55034214397471,43.4689891695414,22.0707501439709
4255,3.66917639927853,42.9436161274807,20.2189435591836
4256,3.68069216455542,43.2089409372162,20.2467456771887
4257,3.71223776355563,43.1701569311727,20.0238824043701
4258,3.7135110657662,43.1939733817827,19.7992547895793
4259,4.01195880413268,42.9667547747773,19.9453965983185
4260,4.03676252832838,43.308158014928,19.6863286569494
4261,4.3677221261579,43.4916304853696,20.9484318607472
4262,4.3677221261579,43.4880464626321,20.970136810869
4263,4.3677221261579,43.5324152881873,20.8916952680338
4264,4.35047563892038,42.8494030071265,21.5456569200253
4265,3.93773964023288,42.9673469394255,21.3490745263696
4266,3.91716814119358,42.8785623082356,21.7519327573202
4267,3.91716814119358,42.8777842012877,21.7562926454559
4268,3.91702068799926,42.8739473098863,21.7955043973257
4269,3.97506113345249,42.786002268468,20.9920782215097
4270,4.01104395273983,42.833386753187,20.9458109484756
4271,4.09049225952148,42.6318881121688,19.6598823942307
4272,4.14431696312358,42.6796371225653,19.8142756305249
4273,4.2447862845922,42.201299785297,18.2946851200715
4274,4.24338384665981,42.1944311207178,18.3144266816945
4275,4.24140299067054,41.509101884929,18.3358496795885
4276,4.1529258408516,41.8173776611391,18.2424599697727
4277,3.89422669622354,42.9741112040578,18.131809770246
4278,3.87085264207782,43.1560596275015,18.1170061015966
4279,3.87085264207782,43.9015039134308,18.1169835591073
4280,3.87085264207782,44.2266268534302,18.1175484154803
4281,4.16677308689117,46.3029498501172,19.4695545337825
4282,4.1730323501675,46.5513649931681,19.4501374274071
4283,4.64571665289575,47.6905611220533,20.398073980889
4284,4.66247186460102,47.6382246392001,20.4650542805001
4285,4.66279309502199,47.6389839208032,20.4641189995871
4286,4.6471406156032,45.9255898168785,20.9629927940539
4287,3.90595259663197,45.1079416150257,21.9756601709493
4288,3.89195300824722,45.1027904686442,21.9258962685086
4289,3.89242594060039,45.1251652878831,22.286862964157
4290,3.91228436723294,45.2486103465676,22.3982009550675
4291,4.3122736186543,48.1549116365012,24.4897979512745
4292,4.3122736186543,48.1706559137982,24.7905089753264
4293,4.3122736186543,48.1706559137982,25.7858817934025
4294,4.25741806843125,48.1926671138208,25.6828399081226
4295,3.56376872553873,49.1547715337824,26.0577092312634
4296,3.56372403560078,49.1430870905727,26.0706087341215
4297,3.56478895361877,49.1384348138018,26.1302798764268
4298,3.63938090276846,49.682697998168,25.9513796791134
4299,4.46747900398796,50.0506076272576,27.1011407179745
4300,4.46747900398796,50.0563770380537,27.0770479652981
4301,4.46747900398796,50.0563770380537,27.0770479652981
4302,4.4120697732435,49.906177838582,26.9889698075218
4303,3.6558407610937,50.4935997339845,26.7559959647973
4304,3.58716973648413,50.1467466795799,26.5019592635299
4305,3.48692702580833,47.016061713113,28.0843284295364
4306,3.4816516218848,46.5589806196573,28.315536763521
4307,3.48062331372417,46.4955322656065,28.3571984553933
4308,3.51447812366553,46.3689670045754,28.4559761962286
4309,3.51343204473241,46.3684391989323,28.3656591241827
4310,3.51297237340198,46.3844947655203,28.2602161295939
4311,3.53303645634215,46.3024878998353,28.346516643279
4312,3.56172965450849,46.2420109548122,28.4902192911582
4313,3.64753313294073,46.1045966975509,27.4748376621403
4314,3.66506993847639,46.0417060487701,27.0530222356782
4315,3.66988304249193,45.9728138284749,25.0146137637609
4316,3.66008982675447,45.9698123269129,25.0052248103645
4317,3.742611179747,45.5006179118427,24.7903114625372
4318,3.742611179747,46.4035091748816,24.2579177828403
4319,4.2044608428605,45.1774168994744,24.3877310759808
4320,4.21840783276589,45.2466586267094,23.8746531602639
4321,4.21840783276589,45.3314811340001,23.7140196723715
4322,4.21117624789261,45.3557312660497,23.672017525379
4323,3.65080036265243,44.3650379148076,25.4628993591829
4324,3.6343450253843,44.3751515030482,25.9640857055229
4325,3.49890452370743,43.9688954296649,25.4387681733907
4326,3.49890452370743,43.933431119098,25.5064775926308
4327,3.50269056073173,43.915585838795,25.1166580354031
4328,3.5085299560239,44.2377786997968,25.1246639873756
4329,4.27070984947263,43.9600055787118,22.364888076923
4330,4.27210941352267,43.9594310461827,22.3446196580425
4331,4.27534126720091,43.9453001530343,22.3540312846642
4332,4.19452591388642,43.8497050131179,22.3027458122846
4333,3.97377574815954,43.9510596552094,22.385151770816
4334,3.92299505122631,44.0397627342302,22.4332242744514
4335,3.8663197061872,44.1063242299993,22.3237903082762
4336,3.78781867991732,44.3057802039306,22.1152583883544
4337,3.7791243433167,43.8735245536194,22.158802749064
4338,3.76284663919569,43.6543838238163,22.9238358922859
4339,3.25621439199333,44.576996169454,24.3726341350194
4340,3.25411662441917,44.5695029662295,24.4117288393438
4341,3.25388885900409,44.5261831384392,24.4741928676428
4342,3.25598648038182,44.7324395600757,23.6549602663026
4343,3.67201073408634,44.2737592458532,21.10263949913
4344,3.70131773229855,44.2673999541134,21.0910385629561
4345,3.96996056111626,44.2502987908744,20.3987919039513
4346,3.97511590297959,44.2265726272455,20.3101293319714
4347,3.97511590297959,44.2335502157416,20.2971942121165
4348,3.96996056111626,43.9361534042662,20.2669217749025
4349,3.72055909377012,43.1085817938013,21.0501606274784
4350,3.71808173907625,43.0216844067986,21.4570819815718
4351,3.33940307029303,44.4119897965968,22.7285502163771
4352,3.28480181808729,44.1831055253247,23.0816775322263
4353,3.15836326983514,44.1341257822273,22.4793124442957
4354,3.0945527558534,44.320591521127,22.1444061277812
4355,3.0945527558534,44.3147664388697,22.1445353831528
4356,3.15671265238633,44.2014040284261,21.2658170837465
4357,3.41062177889883,44.3113434926245,21.1579416175598
4358,3.41062177889883,44.3281823809402,21.1330590366403
4359,3.41775180884478,44.2198931191597,21.1681144701119
4360,3.39321710408885,44.0362801494198,21.1793855606672
4361,2.82614930015291,43.0069148727804,20.6367550310997
4362,2.82108357218095,42.9675542549245,20.6764962510945
4363,2.82279531749548,42.9606302278264,20.737978683043
4364,2.82279531749548,42.9716196080508,20.7886347009499
4365,2.82279531749548,43.3156290889894,20.7102907235815
4366,2.83534191586924,43.663810334288,20.7185435045449
4367,2.98150387485241,43.4926524385732,21.5205569935288
4368,2.98043911665069,43.6995545980626,21.5583927425546
4369,2.98043911665069,43.7193120401004,21.726098648386
4370,2.98150387485241,43.7119850745933,21.834076597249
4371,1.65714159804368,43.4452953590383,25.8340090855801
4372,1.65209822555106,43.4632868623971,25.9535681616302
4373,0.254306836467845,42.4852611423741,26.977785366321
4374,0.249325156253438,42.3960183657523,27.0762657997338
4375,-0.11047423925607,43.8948669812343,26.0735427320782
4376,-0.148398371727721,44.0567943143609,26.9507627796881
4377,-1.40425365583767,44.7974293289767,24.9969070915047
4378,-1.41567665036597,44.8119919255536,24.9714350084671
4379,-1.96039924751096,44.0833690407898,27.8381434340696
4380,-1.96039924751096,44.0838724990914,27.8441647081318
4381,-1.96039924751096,44.0862631082151,27.7939198069052
4382,-1.85946851644618,44.3059290107714,28.3318627860811
4383,-1.2111821141627,49.412433860101,29.3262661108249
4384,-1.20149935473844,49.4585720153944,29.1233015253465
4385,-0.412234147339325,48.5513343006512,27.537263429104
4386,-0.387601683536458,48.528843728472,27.512582012556
4387,0.786711047490737,49.4404118362445,26.1853191224747
4388,0.855690676872152,49.1613090960406,26.219691463011
4389,2.48417395099603,47.124594623821,23.1555201910937
4390,2.48736401999881,47.1449099445017,23.1064355504404
4391,2.48736401999881,47.1449099445017,23.1064355504404
4392,2.46875790124819,47.1745122249413,23.0456708183982
4393,1.27071451039058,45.6926564377461,20.8409483315539
4394,1.2650913456836,45.6685062877662,20.9061445495962
4395,1.26540452285139,44.8118124075029,24.6300925658862
4396,1.2650913456836,44.8027645813881,24.6474482352556
4397,1.28487703649159,44.7025781599241,24.7615195023082
4398,1.37716675790324,44.649997407293,24.7545966774466
4399,1.50710373749847,45.9497077800001,25.0921157602458
4400,1.62502288760069,45.811137792157,25.174010307999
4401,1.78620082974811,45.7008403054756,24.3468107371063
4402,1.85338841549095,45.5795878431627,24.6438692192229
4403,1.9138405955543,45.7985988113116,22.3878176317826
4404,1.96810095463169,45.9241804849927,22.5438574224151
4405,2.37999493838543,46.1621529796969,22.2994498863777
4406,2.41703406619284,46.0633602266873,21.9927292829195
4407,2.41806409185599,46.0911039006705,21.9765234675847
4408,2.41806409185599,46.1138748182913,21.9421376900855
4409,2.26970280698772,45.1559420071611,21.300167313543
4410,2.25175062452796,45.2317520197319,21.3683823597683
4411,2.15916126270796,44.4464838358697,22.6558484631271
4412,2.1512310336451,44.4517881230415,22.7501807011321
4413,2.12682396650383,44.5081557723281,22.8498742171541
4414,2.10374951594879,44.6164898310081,23.7001997435221
4415,1.81652246964862,44.837530661229,22.2947748623307
4416,1.81472513240478,44.7879837651411,22.3836543649118
4417,1.81472513240478,44.791989606891,20.7926112477307
4418,1.85229357946752,45.101511272218,20.5004755914695
4419,2.96085796023726,43.9265449966503,20.3899113656328
4420,2.96329696155246,43.915663004975,20.406883288048
4421,2.96329696155246,43.9167805998778,20.406883288048
4422,2.92601221278418,43.5475476144702,20.4851902772074
4423,2.14113526962503,44.4432604475443,20.2399346759051
4424,2.05206172497738,44.8027936229738,19.9825878479244
4425,2.05206172497738,44.7920720520483,20.0004556777669
4426,2.13650753853668,44.7372948703655,20.3287363948052
4427,2.24309890853157,45.794712954248,20.4070053133636
4428,2.51242947276835,44.572703554351,21.7867878345636
4429,2.62454523903191,45.6740639482898,22.0671899231955
4430,2.62121479188205,45.6895344550771,21.9101610051568
4431,2.63728544739457,45.6150935840372,21.9277852575707
4432,2.62478742408276,45.3858845928629,21.7230835443214
4433,2.62444464658849,45.344290546305,21.5629682199029
4434,2.6357163212159,45.2549325892721,21.6333286805411
4435,3.05158445106836,45.3380228130265,18.688404187827
4436,3.08438025570411,45.258559284022,18.8473107542221
4437,3.28049177072699,44.5838355809984,19.7453514055939
4438,3.27271443209175,44.6373329812119,19.6755777417707
4439,3.27271443209175,44.6986750328794,19.574467919269
4440,3.24181169201737,44.6483287119247,19.7017688538708
4441,3.24168941703752,44.2905504459372,21.1129315529435
4442,3.2438678057053,44.1220443522282,21.2282122452305
4443,2.8186110886246,44.7572929940936,21.6452162305909
4444,2.80261312030581,44.7164352734028,22.5684957652386
4445,2.80261312030581,44.6177847301247,22.7380682595902
4446,2.804639991124,44.50808633292,22.9318355338878
4447,2.80417902706046,45.904540649703,21.3650335740632
4448,2.83677543968276,45.7457306329358,21.4434200357248
4449,2.84706239036859,45.7193640160304,21.2673611036106
4450,2.86305004251593,45.644936505395,20.8275741939231
4451,3.014131434428,45.6391203731919,19.8342438203499
4452,3.08212189275976,45.502494573849,20.0949561789572
4453,3.39552603486477,45.314718288596,21.7096140294519
4454,3.38644773891263,45.3865357477381,21.6501122258228
4455,3.38484539366497,45.5112011364261,24.6245306554844
4456,3.36332998946858,44.420093714221,24.7571637623917
4457,2.59955278837269,46.2678926357784,24.1805278142902
4458,2.56992509877789,46.2901580058571,24.0046354478038
4459,-0.34525965916433,42.4183990646398,30.7894976399473
4460,-0.360111219821372,42.334699986347,30.8046263099933
4461,-0.360111219821372,42.3323119257052,30.8087337342854
4462,-0.345431491486576,42.3609997697749,30.8958686011582
4463,0.704390675254292,50.318464640238,25.831709630094
4464,0.775602134616017,49.9948027030933,26.1760604549511
4465,2.2233968904737,50.7574645728199,23.7612124178921
4466,2.51363117410903,49.4811382720918,25.2213312072362
4467,2.74709311378549,50.354472508842,25.6066754579336
4468,2.8413375282182,50.0612089057411,25.5170661772819
4469,3.30530099941506,48.5481748882569,25.5502247337481
4470,3.32273488336943,48.488849525626,25.612337090389
4471,3.32435737695825,48.5883688944086,25.4075121804317
4472,3.30863014699166,48.2335011853832,25.5753357623538
4473,2.76360147437298,47.3106192364931,25.8326562887729
4474,2.76336965802887,47.230607315065,26.2487580302556
4475,2.16282655436794,47.1985984602851,26.021735297574
4476,2.16282655436794,47.1472940264645,26.1140663628123
4477,2.1615040206191,47.1534854932828,26.1072623571547
4478,2.20922806930974,47.0825583177392,26.3301761268864
4479,3.38328103361926,46.9682285593426,24.0195597546599
4480,3.53186836836265,46.4103140812645,24.382671359365
4481,3.53186836836265,46.4103140812645,24.4023686174494
4482,3.53186836836265,46.3111396068636,24.4017048715175
4483,3.16163023512981,46.28317293633,24.3281537179722
4484,3.1615785952406,46.2627037229489,24.3642944031729
4485,3.1615785952406,46.2555123625696,24.3662446025978
4486,3.22591213896,45.9480084082965,24.7364866107243
4487,3.22613361515622,44.8998195780325,25.2317377950715
4488,3.22714314540935,44.8929346214334,25.5729382250162
4489,2.72329591992836,45.6835672442162,25.6412280451045
4490,2.72345695723299,45.6759096432744,25.6533060683888
4491,2.72345695723299,45.6733485198956,25.6577674916058
4492,2.7565429526091,45.6127276240196,25.0980541140247
4493,3.14612524627293,45.7072687665534,23.3085337580772
4494,3.14501420165107,45.7210861878205,23.2763754167054
4495,3.39985141104718,45.1709521483124,22.196994026226
4496,3.39943860321293,45.1936407576821,22.1618441029209
4497,3.39943860321293,45.1834123532194,22.1591751233379
4498,3.33915463013817,45.1900276888398,22.3297894973227
4499,2.83323997907127,44.8566422182086,22.3180883749803
4500,2.51006634801889,46.1948785286352,20.8348504056112
4501,2.51006634801889,46.1262062403753,20.9110113045749
4502,2.51006634801889,46.1256448762136,20.9158309571789
4503,2.53336883450706,45.9612245279255,21.3396072363306
4504,2.53295805378204,45.9653255451409,21.4205642589037
4505,2.53295805378204,45.8145545234694,21.4255646688414
4506,2.53284693032717,45.7414141904632,21.4308837460263
4507,2.53268937071885,45.7352306222397,21.4205316975482
4508,2.53268937071885,45.726540253669,21.405288039431
4509,2.6215224631572,45.3301820183968,20.9124073857339
4510,2.64375231534326,45.6140606785411,20.7171498303618
4511,3.40621503351223,43.4840461442491,24.1273310334072
4512,3.43852562339443,43.3628323966222,24.293787909768
4513,3.43875622444707,43.4008572688436,24.2023289586533
4514,3.40823508407318,43.5495273096447,24.2660922036161
4515,3.10228095665537,44.044833784732,26.2258507564438
4516,3.01186910752591,44.3653019530561,26.1262956896734
4517,2.69647565529359,45.123428898751,26.6455682364666
4518,2.69637133376626,45.107911276761,26.6720794443894
4519,2.69458785864712,45.1149897694294,26.6779536569318
4520,2.69971050807501,45.2910266444987,26.6757665954668
4521,3.38589654747232,44.2850039725211,25.2405931361156
4522,3.43527898020031,44.5229314747654,25.3900559003543
4523,3.5837732399073,43.8811483390845,22.0202420527694
4524,3.58873963845977,43.8726802879187,21.530797332797
4525,3.59295638543985,43.8412236861557,21.5270024023768
4526,3.59036239034407,43.4856126973745,21.5060535453502
4527,3.47394216274592,43.1565455141306,20.9628136313845
4528,3.45244825587105,43.2078930760868,21.0549422571117
4529,3.42689925731728,43.1797400683526,23.269722559021
4530,3.42391986323652,43.1346099737002,23.358793785144
4531,3.41074407885721,43.1415269514986,23.6614050061679
4532,3.3846605013344,43.2219907951618,23.6030377236853
4533,3.27091367459152,43.7295530720057,23.9218508656527
4534,3.23186001943875,43.9011111535079,23.7498477450716
4535,3.16410584280255,44.1526911715419,24.2598095271717
4536,3.11788388681499,44.3343390185703,24.1379161005181
4537,3.04357588741664,43.9804997089736,23.7851128346295
4538,3.03539709839253,41.5380556130192,23.9155736407973
4539,2.207680920488,42.4354850724373,23.4183865980164
4540,2.15529860194907,42.6256502954478,23.1736201611897
4541,-0.989346814145969,44.2693516092357,26.384863607762
4542,-0.994176220294014,44.0501187117667,26.6303733910713
4543,-2.58129353442106,48.7836208715227,31.0688724682334
4544,-2.64581910170469,49.0860943380904,30.8921184925232
4545,-2.6422221513936,49.1101882842836,30.8840560745136
4546,-2.58129353442106,48.916843170252,30.9478354232151
4547,-2.58505687088058,48.9371019622367,31.2185073243841
4548,-2.65116674517022,49.2750831855681,30.8508978539852
4549,-3.65131158904031,46.4323984026111,32.607418936048
4550,-3.68848325199962,46.1159743677149,32.7554409683437
4551,-3.69428223773872,46.2852184906124,32.7067362616634
4552,-3.66040286336876,46.1284054638952,32.8523412668631
4553,-3.70106907724555,44.242934853003,31.8562794737806
4554,-3.78783252605864,44.6666633245252,31.3746430407814
4555,-3.95758625480664,44.8594663416286,30.4728940121055
4556,-3.97477276265353,44.9273393138655,30.4192393571755
4557,-4.15236724423114,45.7907469720723,29.4894975966593
4558,-4.14744126804321,45.7558430062898,29.523861398938
4559,-4.14209302558773,47.4331786400523,26.7558539760938
4560,-4.12937838066473,47.4042986174638,26.524474759944
4561,-3.71667629613341,46.6093273845792,28.6801070564614
4562,-3.71667629613341,46.6274979082828,28.6411425870042
4563,-3.71667629613341,46.6359082129512,28.7447614920582
4564,-3.79903275195644,46.7936712504579,28.3496344021949
4565,-4.20873085287496,46.8072991583389,27.1472828978332
4566,-4.20873085287496,46.786004751194,27.1548379444659
4567,-4.20873085287496,46.8082491746421,27.1538861934269
4568,-4.17383517092806,46.6619150661786,27.3036963646694
4569,-4.17162846383508,46.5836617491016,25.9331619741513
4570,-4.17162846383508,46.5302866005129,25.9343882851048
4571,-4.27750849194056,45.9658927337532,25.3639623012139
4572,-4.30872672525038,46.0694255360368,25.2206959679323
4573,-4.32788983409747,46.1617469171477,25.1199346151397
4574,-4.33355835727688,46.2236234411642,25.0873230823877
4575,-4.34066452154341,48.3905055705015,25.6224110199465
4576,-4.34066452154341,48.416069466382,25.6446845287191
4577,-4.34066452154341,48.4112846108236,25.6470707961847
4578,-4.35273808410727,48.415467169394,25.7773727335092
4579,-4.44080614016534,47.9936675875386,25.6506182134702
4580,-4.45131229055738,47.9931404564656,25.6361890019673
4581,-4.58092636392283,46.5875187814185,24.9633177798712
4582,-4.58774048836695,46.6219758860389,24.7245684253658
4583,-4.5972724185201,46.2291720064415,24.6768052662029
4584,-4.60614922893068,46.0674448605407,24.6399442493393
4585,-4.70634409845659,45.6058691775832,24.0904360185357
4586,-4.71791550181759,45.6372274395552,24.1045570463034
4587,-5.05613886331456,44.3578955323659,22.8406208237769
4588,-5.06471018707937,44.3528843340011,22.8888548879633
4589,-5.43323407924586,43.9316735674497,21.8015682825505
4590,-5.43323407924586,43.7296401033698,22.1074328405893
4591,-5.42867952201918,43.6702476916054,22.1896853531961
4592,-5.30717501543154,43.3405545569374,22.8275700996763
4593,-4.68117762756172,41.2398828878181,26.1567254243936
4594,-4.68117762756172,41.2566064563279,26.1221318403894
4595,-4.68117762756172,41.2671805674596,26.4850320009796
4596,-4.73673973753963,41.5336536258906,26.3503132794772
4597,-5.46144165026042,43.5947687461204,24.7978890839377
4598,-5.47142236800692,43.6124640580802,24.878720196333
4599,-5.75602517656812,43.8690496653212,23.3625945184824
4600,-5.75248382403953,43.8638530405422,23.3790117349126
4601,-5.72561754974518,43.8193362675837,22.0022161797811
4602,-5.71788844365989,44.2082778418161,21.9624302982051
4603,-5.6244211629661,44.5645191523268,20.6270274447191
4604,-5.55790491189683,44.2685154012375,20.8151559844752
4605,-5.4838857565517,44.433912082795,21.025972934448
4606,-5.39283466177643,44.2859932020468,21.3870874647733
4607,-4.54134363360974,42.8040634819108,23.8138611813337
4608,-4.53432205858377,42.7651966865619,23.4567810419303
4609,-4.52995590293568,42.7210691086469,23.512248764622
4610,-4.52995590293568,42.6909137706261,23.5384578266022
4611,-4.66937596675222,41.0584403100948,24.2930320542856
4612,-4.6836626217797,41.101032015052,24.4050279817473
4613,-4.85247713616614,41.8351120200771,23.5293449741916
4614,-4.85400901695413,41.7580304086127,23.7233954390181
4615,-4.86565730406532,41.9350729803906,23.6153996634355
4616,-4.85689873792234,41.640117313263,23.7219993052068
4617,-5.58639725323168,43.9159375972511,20.2070373885067
4618,-5.60085002716039,43.7372691447531,20.3883969946514
4619,-5.60085002716039,43.628904218638,20.5384424088103
4620,-5.60085002716039,43.6386874960597,20.374416340656
4621,-5.53017947315335,43.243102449838,20.7508153670729
4622,-5.52541516005503,43.2031233405839,20.7321055286297
4623,-5.49214061639783,42.8547697737443,21.4004140456238
4624,-5.49155046908314,42.2668809570336,21.6024403381937
4625,-6.22224063972193,43.9958481782789,21.6243786920931
4626,-6.22224063972193,43.9947207265463,21.7390504121219
4627,-6.21329494322848,43.9552809401395,24.8610198345523
4628,-6.15016645670898,43.6461745724718,25.1971620061062
4629,-6.15480389498254,43.6603028229871,25.3556556033189
4630,-6.15480389498254,43.4996745461569,25.3936399443787
4631,-6.17648164984144,43.1273987177138,25.5727543991148
4632,-6.35544245979804,43.9543154942096,24.7628727478731
4633,-6.46155959057871,44.4263763406678,24.2816072829882
4634,-6.46155959057871,44.4198357200074,24.1511083656499
4635,-6.54353748621155,44.7939846416761,23.5535993056028
4636,-6.54258906330855,44.7879393045118,23.3325853172061
4637,-6.54258906330855,44.7662452835077,23.3128102537048
4638,-6.62103758403453,44.9506421141541,23.091580594481
4639,-6.61618494899405,44.788776727197,23.3162712498344
4640,-6.61618494899405,44.7811522131728,23.3113026965012
4641,-6.5494745491699,45.8042921352305,24.9532744101496
4642,-6.53874148840772,45.7562453391718,25.2468031957136
4643,-6.53874148840772,45.7921437137414,25.890501170961
4644,-6.53916987679266,45.4212704993838,26.1267464807284
4645,-6.79754311709264,41.088638101458,29.8086761227255
4646,-6.91095399744376,41.3941348306201,29.3441751930962
4647,-6.93582667621386,41.170073759904,29.2150792847121
4648,-6.93582667621386,41.185082517138,29.0913637115185
4649,-6.96687710843413,41.346102238673,25.9128495653314
4650,-6.96404404844073,41.4052118351951,25.3841487308722
4651,-6.96185219460503,41.6381849540106,25.3915283824559
4652,-6.99406740554925,41.8092411630417,24.9844733859647
4653,-6.96705208893542,41.7371730680582,25.0258769791306
4654,-6.96389160009818,41.7820238311936,25.1225143861453
4655,-6.47685536671365,43.9564136117546,28.1039999310922
4656,-6.46285671783412,43.8956501364021,28.1794186950124
4657,-6.46285671783412,45.3385253834357,28.7667931015241
4658,-6.51842043701266,45.5786998386667,28.5203628312947
4659,-6.52861663122823,45.4914184019358,28.6378745757424
4660,-6.39371419004794,44.8302293277473,29.3236372698663
4661,-6.39371419004794,44.7697150605179,28.0137603922741
4662,-6.3819435937452,44.7859282292895,27.9757748548826
4663,-6.37981850197443,44.9112642945666,24.8926998775848
4664,-6.3750291034825,44.8285662178263,24.5484615922694
4665,-6.40453184176803,42.7897246188487,24.3869263999436
4666,-6.42422622908095,42.8821944266797,24.5891078319464
4667,-6.74155113462668,43.3828580856606,24.9801339798485
4668,-6.7467868929993,43.080576817805,24.9746765982502
4669,-7.00454249549794,41.0429428834899,25.8033351058706
4670,-7.01665362363793,41.0908435889931,25.7828896531723
4671,-7.01665362363793,41.1048621932524,25.7914634051842
4672,-7.00590358594854,41.0543256739303,25.8617189247943
4673,-6.69634562600694,41.5911209515734,26.5088842863959
4674,-6.67579080919931,41.5265147086015,26.0834477908381
4675,-6.40710376642496,42.5800007523251,25.7532485421234
4676,-6.40521593026763,42.5931058586427,25.7376197004112
4677,-6.40521593026763,42.5896042474028,25.7421796807099
4678,-6.44690460563126,42.4647209232437,25.8333214310145
4679,-6.94403810925092,42.223616263173,24.3682796740691
4680,-6.96189861762738,41.5218729387607,24.855827846976
4681,-6.96416366820732,41.2422830767377,24.8759326202013
4682,-6.96783689194526,41.2656477057504,24.8358282356514
4683,-7.00614281322701,40.6192616596543,24.6536491490637
4684,-7.00614281322701,40.5254603751423,24.6880203482778
4685,-7.00614281322701,37.6169305793816,27.6730614971357
4686,-7.06996962928988,37.3910696472257,28.5308771219237
4687,-8.21480234255164,33.100519569629,33.7060381049368
4688,-8.2398143994297,33.2079542980135,33.6348198807578
4689,-9.15481232310559,36.9922635923314,45.8849038909473
4690,-9.16444011230626,36.975331867111,45.9421540706313
4691,-9.17935401330959,36.9863915009891,45.8649843075836
4692,-9.17241979707957,37.3784606445128,45.7431375527547
4693,-8.82173162832042,41.7666242527626,46.4803653958672
4694,-8.80134339870252,43.0484177149328,46.2171003981186
4695,-8.80672565051901,43.19519737191,43.3751977557922
4696,-8.80672565051901,43.3453881006747,43.2419394088327
4697,-9.30758654829602,39.0935285898491,40.6325994144668
4698,-9.521556992968,40.1093662415148,39.5559007948404
4699,-9.521556992968,39.9803300938008,39.9820222001012
4700,-9.51001119300123,39.8722226988485,40.0965795279022
4701,-7.52245375512066,31.7013128371064,36.1181178682828
4702,-7.45556373905699,31.9784471120902,36.4387336379989
4703,-1.20014049538784,59.1333910173096,20.7372489873633
4704,-1.19649049731184,59.5830211487847,20.6917111551163
4705,0.325831697450749,59.8825168370798,23.3746845967657
4706,0.395959940794835,59.6575042056655,23.7185630894633
4707,0.813444822736906,58.4243399366346,21.5185039412496
4708,0.836525080419921,58.35930172169,21.589040879712
4709,2.01285940782865,52.8140239875638,23.5951970148004
4710,2.01476241464205,52.7801664409539,23.562356979001
4711,2.01576172638869,47.1821068060539,23.5258707385561
4712,1.95806007284088,46.9924088067079,23.5785240298829
4713,0.777938388105918,47.8741585148597,25.3501595591819
4714,0.726462422849265,47.5798828704008,25.0990289641246
4715,0.721479631935213,47.497610488747,28.0829011765279
4716,0.719914752610255,47.4000798608496,28.1706634166956
4717,0.666329370422976,47.1773561213815,27.8926830593028
4718,0.666329370422976,46.6599377258387,28.2868622619558
4719,0.836062942513136,45.8484957405664,29.1838923138263
4720,0.865701547451249,45.7742433551388,29.2380379313545
4721,0.864068823189108,46.952314724908,26.0254235729523
4722,0.885352733631343,46.8623228613244,26.0453512690364
4723,1.1086505800183,46.0504124014287,24.5312647546916
4724,1.115735129904,46.0387062186239,24.5327471065732
4725,1.11107275385688,46.0670777301366,24.4981203565648
4726,1.10942416832844,45.6468070799894,24.5184043352957
4727,1.10942416832844,45.4307951327324,24.9133535217316
4728,1.06535794187754,45.6678565779536,24.8063653399056
4729,0.709004264309937,47.1757971074915,25.6470230148253
4730,0.593223344452644,45.6219951369064,25.0517099033216
4731,-0.276790971817181,45.8222617738351,28.4744099185209
4732,-0.27655513783377,45.7926891090504,28.5237660867837
4733,-0.27655513783377,45.7927877001621,28.5237942087924
4734,-0.222751092584951,45.5549265281233,28.6932353771298
4735,0.409949241606803,42.9139619080368,27.8910173769607
4736,0.409949241606803,43.0545680011653,27.8601674675607
4737,0.437047755617901,42.9392614322252,27.8546275162653
4738,0.468096956240379,42.8047574291042,27.9123557587033
4739,0.479591730771939,42.2986102546672,27.535767665062
4740,0.483953840085723,42.0979933459945,27.5522450118586
4741,0.483953840085723,41.6592226807022,27.5466372662836
4742,0.461471854605835,41.6925513745666,27.5886356096754
4743,0.123808985723153,42.976794563766,29.634455457893
4744,0.123566680415174,42.9633748349578,29.7635461543992
4745,0.124371329712323,42.9498340570145,30.1470783187319
4746,0.126400391428076,42.891766567156,30.155788320262
4747,0.158405797972619,42.7408809954438,30.3192782931637
4748,0.247238312039733,42.2952893480358,30.3076695836794
4749,0.252063712436302,42.2878697180442,28.2966723398335
4750,0.333134810940976,42.2146403685182,28.3461467559187
4751,0.376053078938149,42.4183000414736,26.7592468091956
4752,0.388498781275333,42.5251752015682,26.2781071743008
4753,0.836957501335738,41.7320256250816,24.5539457645235
4754,0.843311618086942,41.6730559178768,24.6346993494504
4755,0.843311618086942,41.6732696942115,24.6343821093172
4756,0.83489862285741,40.7271559742938,25.0364706640266
4757,0.789979402972899,40.6849974125745,26.6966283599936
4758,0.735860435997056,40.8463210890183,26.4479325734844
4759,0.682938305433423,41.1109779425239,26.1652217177193
4760,0.682938305433423,41.1380329992094,26.1956032418153
4761,0.398215133052875,42.4971697023047,27.3476138262234
4762,0.311402917546974,42.2393173169183,26.9273040810962
4763,-0.398309136915588,39.7926182306096,28.6610421571307
4764,-0.398309136915588,39.7022373859003,28.7936525507675
4765,-0.398309136915588,39.7022302004967,28.7936630904777
4766,-0.202209553547031,39.3671219018017,29.5764234742307
4767,1.75403487430779,42.1608621117563,21.9363118807592
4768,1.78302726241978,42.4272803155825,21.6147489435994
4769,1.80332361869134,42.8586489381445,21.6916169927004
4770,1.80295890291038,43.0811693619906,21.6891673821763
4771,1.80295890291038,43.1149358570764,23.8033073973389
4772,1.73349142863683,43.2313387011397,23.5421074250252
4773,1.2307313792919,45.5137222746558,27.0599129844339
4774,1.22267255964225,45.7629109624571,27.5036392287341
4775,1.22267255964225,47.0681466511432,27.481534653226
4776,1.2307313792919,47.2398873022335,27.5171474867016
4777,1.77865559110741,48.3144974759691,29.2439576827921
4778,1.78490448177337,48.3804049941571,29.185129979373
4779,1.78490448177337,48.4357314993891,29.0860834965654
4780,1.77901684664166,48.4852844755908,29.0443870846212
4781,0.349400180848847,50.0818174559682,26.1969207662232
4782,0.309248019158589,50.2622232154011,26.693842116818
4783,-2.62320101473738,41.5050456659165,37.2874600169685
4784,-2.66186081326491,41.0613014598914,37.6703500476194
4785,-4.00652741918285,41.9649309058923,39.64268174304
4786,-4.00510371787919,41.9907260229126,39.7176179355938
4787,-4.00510371787919,42.0058832488399,39.6976721010224
4788,-3.99012936284171,42.6206167329991,39.7470486227904
4789,-3.79263289929295,45.3466255361942,36.6231521544823
4790,-3.77415442083285,45.3392125636758,36.5812504171045
4791,-3.77966869148845,45.366725264353,36.5516265486356
4792,-3.79206439801304,44.3553901928554,36.7809063758754
4793,-5.54061996163513,38.9128191759933,37.2004449835918
4794,-5.59215996680246,39.1102334420188,37.015045612743
4795,-6.02805813388229,40.3518051745864,34.8937239173066
4796,-6.06127553775889,40.4455745899716,34.7641187372273
4797,-6.06127553775889,40.4471893725525,32.9973749528069
4798,-6.02805813388229,40.8291533895356,32.7693125995206
4799,-5.67893116474825,40.9449348323288,30.0063642411966
4800,-5.61894743418945,40.817646869699,29.9399109241613
4801,-5.40691041661157,41.6455748984431,30.4939569924729
4802,-5.35917976055735,41.5926623801037,30.4711711943176
4803,-5.32844416100949,42.5186703041565,30.0519555454138
4804,-5.26424587304424,42.1981872981109,30.3980462279125
4805,-5.26045272185791,42.1917277076003,30.4165933298222
4806,-5.32837452627075,42.1577658520731,30.1217591265216
4807,-5.6006546942718,41.2172761816684,29.0945307377559
4808,-5.60593997835864,41.2212463479703,29.0994908365661
4809,-5.58833099460786,41.1319943707494,29.1884219412356
4810,-5.57329417062821,41.3600818212512,28.6178524745758
4811,-5.26670298697672,41.82994872551,26.0493361198076
4812,-5.26163417102384,42.279551890532,26.0364050461505
4813,-5.19536402136425,42.08660018248,26.1469307063523
4814,-5.19059663003222,42.0627898151403,26.1718776224143
4815,-5.44520648515899,41.4701899135076,27.2506448897937
4816,-5.46092269574212,41.487250241817,27.1976613855093
4817,-5.4978480083577,41.3900113256535,29.333004731307
4818,-5.50193734960065,41.4510403095359,29.3218950256729
4819,-5.50193734960065,42.652976703449,29.3218950256729
4820,-5.48305347495421,42.7313680700013,28.9405305522419
4821,-5.4590833021528,42.7762792590816,27.292255119944
4822,-5.43500965954437,42.6779500063438,27.3837447878692
4823,-5.48137405835814,41.6082204768169,27.097598594195
4824,-5.53928853057126,41.751118360706,26.8218816124319
4825,-5.61430623436591,41.4549240567266,26.6346706175349
4826,-5.74902082444373,41.8811050098548,26.0858954425755
4827,-5.8530794871287,40.2549388342004,26.1338016610218
4828,-5.85467349441813,40.2424514684893,26.1309503006941
4829,-5.84514389185491,40.1926422427819,26.1900647069673
4830,-5.841349097416,40.1932195094141,26.1102062506019
4831,-5.34804900977592,39.8410645369953,27.4857336307086
4832,-5.34598473766714,39.848507267986,27.3966995896587
4833,-5.34598473766714,39.8244652653786,27.4415462498078
4834,-5.34884661644993,39.8303737976115,27.5499003130684
4835,-5.79133585217364,39.9295982394449,28.6971781685577
4836,-5.81016150569913,39.919841213773,28.5957546086934
4837,-5.81016150569913,39.9204208030438,28.594985882361
4838,-5.8085340211831,39.9370450841166,28.2919780380808
4839,-5.93454723852021,40.5372195641787,25.3768971757527
4840,-5.93866763950439,40.4520530780642,25.2304229840399
4841,-6.14127006289766,41.3692826676837,24.1481829269569
4842,-6.15345972882208,41.3222499499206,24.215277518925
4843,-6.14987833773585,41.3091479515504,24.2281237584476
4844,-6.14481666688251,41.416437132721,24.1125358917333
4845,-5.17019544490091,40.3125345652133,26.2640649542866
4846,-5.16767965524097,40.3708395680619,26.1734009556119
4847,-5.16767965524097,40.4057046871047,26.1265915130763
4848,-5.17059055989152,40.3699035905945,26.2256630310394
4849,-5.1701120706801,40.3501012824794,26.2620799159832
4850,-5.17018856738402,40.3469898145255,26.2467071182518
4851,-4.9312775538258,39.7859906351572,26.7277279511598
4852,-4.92690503557043,39.8674087817746,26.5499770399684
4853,-4.49031104528295,38.1968530301074,25.3504955389519
4854,-4.46331741483868,38.0863337123387,25.5146042454651
4855,-3.79013653553264,40.4480236543631,21.0877129949434
4856,-3.78045081966993,40.4158983932664,21.1312380232567
4857,-3.42433475505794,45.0861130052574,23.0445271976236
4858,-3.4352818110232,45.1670740176036,22.9387378030672
4859,-3.43777666384526,45.4784353831833,28.6479320830451
4860,-3.44613984991893,45.4740166532837,29.1675136400786
4861,-3.44864255027323,45.4176216076576,29.1542329930402
4862,-3.43777666384526,45.3956352174803,29.2479263235995
4863,-3.12385151703387,51.6729345116392,30.5825040853232
4864,-3.06689862919555,51.2251847104697,30.89908061279
4865,-1.93734698428787,54.801499703661,24.2276931720548
4866,-1.92556405790815,54.7648633786715,24.1835918436963
4867,-0.85503381541386,52.7033244771132,27.6511187311024
4868,-0.839060570410956,52.7564973131751,27.568261683252
4869,0.230629851491384,50.0749800515337,25.6737486044691
4870,0.237665347954709,50.072773557058,25.6773057036199
4871,0.539181929390217,53.2292385775785,27.25371839791
4872,0.545807481993027,53.2699630508592,27.3117957773211
4873,0.567515044767552,53.1678728525864,28.595915916457
4874,0.567515044767552,53.1629762277528,28.6463302320773
4875,0.564840911444781,50.9476593487437,28.6294410424911
4876,0.566100920584508,50.9417743402703,28.6342857080985
4877,0.600726256234689,50.7786781208409,25.8742628179623
4878,0.599485562407963,50.8980548744524,25.4910291733934
4879,0.916481989273741,49.5257992029795,26.0693870631001
4880,0.957310862837536,49.3296249352507,25.9197104412793
4881,1.0071474920196,49.0867017420854,24.814998081843
4882,1.01265674538287,48.7218060649883,24.7845740492947
4883,1.01265674538287,48.6184302608127,23.6226930996408
4884,1.0071474920196,48.4670267069302,23.4928700880439
4885,0.886968978131383,48.1352956001621,22.8680501782759
4886,0.84912795569215,47.8413722713468,22.790484537619
4887,0.660208122734409,44.8581659870127,24.5925141744753
4888,0.654120242904606,44.7707038884609,24.8236695164432
4889,0.652994707371018,44.6653175078123,24.9317238389497
4890,0.625743738144409,44.6924611656189,25.3290671977582
4891,0.499365697780341,45.2368726268906,26.1472090354455
4892,0.483766658868452,44.4766107897656,26.1920458423817
4893,0.327884288697598,43.8232252845778,25.9342474690755
4894,0.31903708282574,43.8650052439557,26.0778741713165
4895,0.31903708282574,43.8646910736585,26.0783730164112
4896,0.328152654501393,43.9642063921148,25.9135141113013
4897,0.633531649318452,43.7659573648779,24.9679914407147
4898,0.701748005569475,43.7119484469516,24.8932952284379
4899,0.733946458290369,43.558311140999,24.2151970473437
4900,0.753977059366153,43.4596185338145,24.2796915993889
4901,0.753977059366153,43.3225284787887,24.2918343768312
4902,0.753977059366153,43.0136825060663,24.296898540953
4903,0.692559335000545,42.6690543182797,24.202982142388
4904,0.643482202777851,42.7678187825227,24.3851766972319
4905,0.584228684516688,42.9663758584121,24.2810307131601
4906,0.58032618981165,42.7828063402817,24.2669169672166
4907,0.412844021158363,43.2763202191968,25.7215103526538
4908,0.403298746215841,43.2763429292497,26.0965397233318
4909,-0.0682122587285272,43.1156363335382,24.7248813183306
4910,-0.0682122587285272,43.0390704077258,24.8398992245268
4911,-0.0682122587285272,43.0382277781421,24.8415060516008
4912,-0.036277219436028,43.026300407748,24.5696918751724
4913,0.522916185429324,42.5786377443087,24.7193104650291
4914,0.617747343238818,42.1299198895731,24.7254150162252
4915,0.617534463936811,42.169324625854,24.3491654763308
4916,0.55947685176778,41.7019465424568,23.9436194746306
4917,0.522735981536132,41.5825744862604,23.7054146293261
4918,0.508303089968772,41.2648336295123,23.6528995862949
4919,0.363898758000233,41.2633955274964,24.307074223
4920,0.197955166571478,42.0823743996258,23.6069682092526
4921,0.125415905952238,42.4506799114448,24.1575346657661
4922,0.125415905952238,42.5339781461697,24.6173811577629
4923,0.125432374937841,42.6298653292282,24.6135559293354
4924,0.218908975245004,42.1846561353283,25.10697200588
4925,0.523301405034474,41.4077156849234,24.952060642883
4926,0.556169623444148,41.2850255459708,24.7025761684539
4927,0.795667367522426,41.3523309310001,23.1958566605472
4928,0.795489611493687,41.3583827332093,23.1894545486709
4929,0.795489611493687,41.3586073049228,23.1893235506729
4930,0.743044246350911,41.5537404681259,23.3228510879969
4931,0.743044246350911,41.3437290904853,23.3154381390005
4932,0.743044246350911,41.3395468185984,23.3228893246025
4933,0.742608016446642,41.3406666034106,23.1597991679174
4934,0.746163536832684,41.8889425228386,23.1172596499054
4935,0.758909498162326,41.8474258119829,23.0050084150186
4936,0.758343170784822,42.3733060821665,23.0695711756273
4937,0.781736225293463,43.0158571406621,23.1975309692542
4938,0.78161795965282,43.3766789048152,23.1537737454528
4939,1.15416857578468,44.1096137002875,23.5936703466415
4940,1.16060566847595,44.1097731308226,23.5615966746707
4941,1.20422774135824,44.2143545487586,23.6300653265866
4942,1.23153402112389,44.4050316736507,23.575484005761
4943,1.34016344565421,45.9425379877076,23.6221872178942
4944,1.37744129038853,46.8256474623338,23.7460583006644
4945,1.37856386851744,47.8553126745747,23.7539427985137
4946,1.34377977314783,48.1130884075617,23.6001851547535
4947,1.31781673247699,48.2392100267575,23.4542694369921
4948,1.27462753458687,48.3614367448336,23.3332775035496
4949,-0.766453221234635,44.2323793610469,22.8481773266322
4950,-0.775698512505089,44.0761923032879,22.8455286973004
4951,-2.52047279276191,45.4309405988802,35.5260790396713
4952,-2.57425318754332,45.6500721123272,35.2633421787885
4953,-2.8350666905677,46.8461531184777,34.0357873551704
4954,-2.84214380172675,46.853047235936,34.0939306885601
4955,-2.84234276763624,50.7695436736131,28.8057486095696
4956,-2.83709677732082,50.8505030881824,28.8183464719721
4957,0.113360132547454,50.863383442603,23.117230988287
4958,0.119847242243086,50.8379301337515,22.8222533847211
4959,0.257621879179824,50.1854497787218,23.5537104952792
4960,0.257200199720425,49.9790160971484,23.5284713570626
4961,0.549805435233277,48.1096633241873,25.1747066729509
4962,0.566599839000121,48.0963093202654,25.4253758948202
4963,0.625095623214614,47.8493150454447,25.9493048411294
4964,0.625289919939143,47.8477425147534,25.9213386299753
4965,0.624891825213903,47.8493025111813,25.9198743061613
4966,0.624790774936056,47.4820037585795,26.0935275938815
4967,0.358976068535817,45.5525926080367,26.7382796487523
4968,0.138949932670031,46.5917486187805,25.5745026441463
4969,0.138639346518819,46.5956774429882,25.5707959739236
4970,0.358173689426725,46.0236906378072,26.3690139670869
4971,0.868384057701656,44.498062127801,24.7746904914723
4972,0.885385327335623,44.4179185796377,24.8647730483542
4973,0.862466404074817,44.5267843912679,24.7424821424825
4974,0.845720914073721,44.2476664079589,24.7068480426594
4975,0.555609462101988,44.4533320812256,26.1395904712238
4976,0.512663097146,44.5526931960337,26.2867920352349
4977,0.459639033221727,44.6203530259792,26.5930743170393
4978,0.458962355135635,44.624051309046,26.5896224439969
4979,0.458962355135635,44.6245143340398,26.7365762637521
4980,0.449353402624225,44.665669806111,26.692855989787
4981,0.448524712867074,44.6657447141069,26.6995294686355
4982,0.448739798195344,44.7448929897326,26.648768676404
4983,0.450859621934598,44.7963272808962,26.1565028606013
4984,0.455703379506645,44.8223263388341,25.8213992451028
4985,0.479806374294207,44.8131780955532,25.3510622940725
4986,0.58618135097278,44.8138397976286,24.0064239945605
4987,0.599601356003225,44.8535051045398,24.0503233157515
4988,0.601951261290673,44.917711386126,24.0097514520759
4989,0.619914289952178,45.202188248135,23.7371283523169
4990,1.08421489744619,45.0947713903854,21.3380847982481
4991,1.08969022251064,45.167812942335,21.2945457725066
4992,1.08969022251064,45.167812942335,21.2941596834343
4993,1.08982898063035,45.167256627037,21.2915542747254
4994,0.322971769601464,43.4929581483334,26.5972465263636
4995,0.314302128206085,43.5050273023939,26.6731076498034
4996,0.314302128206085,43.4958565823104,26.6731076498034
4997,0.322971769601464,43.4573420784315,26.7196184998648
4998,0.718838199379165,43.3815515528066,24.2407352696501
4999,0.725983162114808,43.372208913278,24.2775764761853
5000,0.729071845446132,43.3548495352974,23.6031563311963
5001,0.723659873809948,43.3548901476011,23.3849553045362
5002,1.03375009120029,41.9340203689345,24.9426246226679
5003,1.02241992697381,41.9828220586477,24.8920430412732
5004,0.943205684571874,42.2068926966904,24.1870940898489
5005,0.942978984933188,42.2071386631022,24.1882859622829
5006,0.942978984933188,42.1837265191148,24.1964560522406
5007,0.883663911438648,42.3471598134932,23.9074931431948
5008,0.323172009298641,42.7093853695759,24.4842589613256
5009,0.311792867535938,42.3774443431803,24.5430147479401
5010,0.311792867535938,42.3689394580357,24.5910608019773
5011,0.323762205145757,42.680604590792,24.664769074429
5012,0.322685695028414,42.6811184920184,24.6616428563297
5013,0.310756153902242,42.3824179349823,24.6136711928846
5014,0.205496785248564,42.8756604308746,26.1098445550457
5015,0.178472590465053,42.4950248087067,26.0192766327836
5016,0.178514403062748,42.5621844464113,25.9175309618137
5017,0.17603530008785,42.5726022977876,25.848515824733
5018,0.0270823718556184,44.281922330497,24.0206621417365
5019,-0.0412032442726247,44.611568549436,23.1700817744432
5020,-0.085916435254732,44.8249790365881,22.0392297501004
5021,-0.100235992865687,44.6354829846965,21.969152255217
5022,-0.100235992865687,44.6400297504125,21.9619820372844
5023,-0.085844751513708,44.5824685594288,22.0094878128783
5024,0.377348811328568,43.0833247245988,24.4612794076365
5025,0.380065943417632,43.0877936584334,24.4592455832968
5026,0.378146418410998,43.0980290002936,25.4460384525781
5027,0.377082523944254,42.7105358425658,25.727214082139
5028,-1.33454806775927,42.249911908335,25.3631987904611
5029,-1.60885098749858,43.5522406547774,24.8249821395231
5030,-1.64715115646652,41.8606138249895,26.8945484295535
5031,-1.73305090808556,42.2645805745684,26.4408278592996
5032,-1.76629387538936,42.4166785318065,26.2760973637761
5033,-1.7692170581821,42.3960224207311,26.3295629052187
5034,-1.7692170581821,48.1442938870036,25.7743247696099
5035,-1.76539137048562,48.1806919785621,25.78402482154
5036,-0.850721800498059,49.2423056938717,22.7061072108392
5037,-0.815389851140475,49.1820725501837,22.562789171079
5038,0.0909708044348533,46.4586492289899,24.8006661393097
5039,0.130027143713367,46.3469952902154,24.4356551249916
5040,0.549524474825612,46.4625871426966,25.2031665228628
5041,0.547887092559801,46.5067108263731,25.152567944872
5042,0.544642738052283,47.8859717368409,25.0928317158226
5043,0.605714572608039,47.7361133994377,25.2522750405248
5044,0.550290565398828,47.9863745561835,24.9694938379257
5045,0.550185142205378,47.952763977227,24.9673566788388
5046,0.550185142205378,47.9145263862187,24.8296915956274
5047,0.550185142205378,47.8897594853262,24.4055716719237
5048,0.550185142205378,50.0192215349414,22.666195171597
5049,0.566321463016857,49.9941435206508,22.7482095505411
5050,1.68411074729126,50.1394172667749,20.5175909007938
5051,1.88414440366277,49.3788630683022,21.1216210565643
5052,1.88414440366277,49.3895028441647,21.0740711034377
5053,1.88189327717846,49.3546973020604,20.9752633914448
5054,1.32165722832097,47.2315081855783,20.7069403820952
5055,1.31514481792737,47.1530895598571,20.7901141799406
5056,0.885961884076596,45.3181642149495,21.9464920903528
5057,0.791326065541817,45.4121183295327,22.0165986830932
5058,0.815695834850941,43.8432362647487,23.3431082085192
5059,0.772500909050459,43.934615426061,23.759747024019
5060,0.787617601446693,43.8592273444443,23.8396029903534
5061,0.787352931768443,43.914782907074,23.8396707703402
5062,0.787617601446693,44.068010041927,23.1744984646406
5063,0.801366158427331,44.0807791863894,22.836518320262
5064,1.24064498896468,44.3394582488744,22.43735765996
5065,1.26532860417617,44.501147389321,22.4081256934388
5066,1.34266222362,44.2890876314667,22.1110721679058
5067,1.45319450516431,44.0267137548199,22.1795415751157
5068,1.60674514447558,43.3040223207158,20.5134198056897
5069,1.67695803056099,42.971887805881,20.8794008515963
5070,1.67695803056099,42.8486662510682,20.8780303262094
5071,1.67768490494794,42.8462755782915,20.867474340214
5072,1.40535161386123,43.1710340534549,22.5363440513861
5073,1.33074043118079,43.3423616682825,22.5786141167149
5074,1.22489745957994,43.032380219908,24.1929213446505
5075,1.20804648095265,43.0619937516075,24.3010195356763
5076,1.20584717018231,43.0696780300256,24.2965109444929
5077,1.22179099810271,43.0403616189294,24.3868378505221
5078,1.83318474104285,42.926723277132,24.1356984518497
5079,1.87811863529855,42.8552057649762,24.0568695046322
5080,1.96535557600023,44.464502725656,21.5453518257946
5081,1.98542765562023,44.3763537081536,21.6185175558039
5082,2.00281573471054,44.2914922869747,21.6990464318631
5083,1.99539132550212,44.2399023378496,21.6858669823038
5084,1.98638027377641,44.2678798177959,21.6349644590732
5085,1.99152332455947,44.0390837223206,21.8126345126062
5086,1.99152415123256,43.76511861691,21.849951352507
5087,1.98638109831836,43.7626020387444,21.8876095498093
5088,1.40641678054947,43.2702651179875,22.8014985662237
5089,1.40641678054947,42.9257003597518,22.8518827025312
5090,1.40641678054947,42.671836788863,22.8499661884789
5091,1.44122273390611,42.4132781994045,23.0511448591138
5092,1.44412139836376,42.3576859306971,23.1837215063472
5093,1.44290509181341,42.3638073556477,23.1966382528611
5094,1.475989817786,41.8202318058898,23.349198738216
5095,1.475989817786,41.8143091844164,23.3557073427493
5096,1.47578633933623,41.8104335291086,22.4953187123828
5097,1.47938517263697,41.9138959319422,22.0730688199287
5098,1.47851389972294,41.9134642925895,22.1054243516956
5099,1.47677768198285,41.896370858626,22.1373583072105
5100,0.865293465129249,42.5092440293083,21.9979261442338
5101,0.829671882345571,42.2811323009311,22.7483191230984
5102,0.762756043866867,42.5728656791546,22.3993545774675
5103,0.762756043866867,42.5874993107573,22.3642117976581
5104,0.762756043866867,42.6118207052821,22.194923931341
5105,0.814318757018355,42.4915474574438,22.0546309316749
5106,0.900501785626754,42.1912771087665,22.4391945588682
5107,0.927190554033595,42.1578738940142,22.4546151558576
5108,0.971575253727916,41.9661557088975,22.6509308467708
5109,0.971882328543455,42.0239568224063,22.3588553224056
5110,0.991853889829166,42.2969145639145,22.2845934355029
5111,0.993414409499411,42.3591939357756,22.2133552868144
5112,1.10525921986862,42.5273345555302,20.7797690333634
5113,1.10730071199892,43.2333560205093,20.750067318555
5114,1.22275965728828,42.8801945840457,18.2114563262813
5115,1.41060970328432,42.7306029286556,19.1310830887765
5116,1.41060970328432,42.7302717875346,19.1316231174153
5117,1.22148739668891,43.6204977580919,18.1370580068348
5118,0.661624178839585,42.226274765063,20.130041199425
5119,0.630397611059592,42.330980525562,19.9813422575584
5120,0.319708808230516,42.4057151556958,20.5622445249875
5121,0.320437454207866,42.401429896647,20.5666562336105
5122,0.320437454207866,42.4600178400813,20.4770676092885
5123,0.381985087927639,42.6752355157773,20.516618097978
5124,0.60132552803478,42.0256634271084,21.6860298578557
5125,0.607144563480465,41.9969949884252,21.7177046894231
5126,0.607144563480465,41.9868568566144,21.9815747391773
5127,0.601642921501213,41.9096622992393,22.0373540136828
5128,-0.0989317014283364,42.0612244352827,19.9496312096292
5129,-0.0999382037624251,41.7031442640468,19.9583260648121
5130,-0.100163921827794,41.7016208198096,19.960708440533
5131,-0.100302965946104,41.7679590809115,19.8453711736894
5132,0.743739836915616,41.2538028378361,19.3312417995266
5133,0.829817141001217,40.9553135191013,19.6794975585927
5134,0.830882028895385,40.9495920100838,19.6858035635398
5135,0.831402078057932,40.9462518242615,19.7958838853653
5136,-0.488370709100993,42.5097440551482,19.0193993984817
5137,-0.525119400959586,41.7441820960492,19.1278855310547
5138,-0.525147975591344,41.7462052571078,19.127813065259
5139,-0.52386227908854,41.7420661937675,18.8827113213432
5140,-0.223248704585712,42.8729162277729,21.0640964371967
5141,-0.155514501437981,42.5460801573892,21.373019121436
5142,-0.155846328712933,42.5461176836607,21.3729921547548
5143,-0.223725056443172,42.7596063470192,21.0988694142155
5144,-0.264199670899266,42.4209274929468,20.8861725003295
5145,-0.264233465669038,42.4209930782909,20.8345665390916
5146,-0.264841364879097,42.4235737076724,18.6249276316885
5147,-0.248539348455375,43.548747785159,18.5783825350445
5148,-0.179510948131172,43.474166131083,17.2587792837115
5149,-0.179541920401057,43.4802507187596,17.1846529818147
5150,-0.179541920401057,43.4811514440128,17.1653863417862
5151,-0.194654477706906,43.287516316348,17.0848753411698
5152,-0.218331829499251,43.2147026303758,17.0306485447515
5153,-0.21855508947762,42.8276911467361,17.1789834518421
5154,-0.219894066870016,42.4055618778689,17.6976698035141
5155,-0.245970893164522,42.2683496376901,17.9012175586783
5156,-0.585627758821519,42.4234110113411,18.048907666434
5157,-0.585866793041902,42.2358919346287,18.0769359775922
5158,-1.07330405768436,43.0146715204735,18.0468400762666
5159,-1.1313600826996,43.2761798944588,18.2241525447082
5160,-1.1313600826996,43.2761798944588,18.2241525447082
5161,-1.1313600826996,43.3000491221904,18.1920317590984
5162,-0.910814565707895,42.6286554655779,17.9336978493189
5163,-0.910246576721162,42.8873048652031,17.8875726902662
5164,-0.219560615697613,42.3452345517569,17.0513411842344
5165,-0.178183100094751,42.3874510798888,17.2446142805694
5166,-0.178168970441414,42.3888019527045,17.2444378396663
5167,-0.178041879548756,42.388194369878,17.2451032421468
5168,-0.405211466570811,42.04204949456,17.54531866594
5169,-0.460362324395406,42.2380542102041,18.1802450663654
5170,-0.460362324395406,42.2380542102041,18.1802450663654
5171,-0.460362324395406,42.2376276746198,18.1803383998148
5172,-0.441430947994109,41.7747293250553,17.9250283175005
5173,-0.422305580743011,41.6323847243804,18.002212501632
5174,-0.422305580743011,41.6317597217244,18.0136168687042
5175,-0.441569790596821,41.5980912120729,17.9584209571752
5176,-1.04902608607248,40.5754813395003,17.898254573223
5177,-1.05024788422798,40.5660412071016,17.8918469030858
5178,-1.05041492637971,40.5003490604312,17.8892116141542
5179,-1.04029281012103,40.5191637604965,17.8408777000095
5180,-1.04029281012103,40.4515669898565,17.8315234123452
5181,-1.04029281012103,39.6799835763076,17.994794257528
5182,-1.42844924530471,38.6278429694353,17.495226367364
5183,-1.42844924530471,38.6241003916671,17.5783912590338
5184,-1.42844924530471,38.6240603492463,17.5784509509024
5185,-1.4126329385981,38.6324379391774,17.4515867196604
5186,-0.527840426392443,38.0272710626959,16.6714900013194
5187,-0.469267357641782,38.0597835154182,16.7408373621884
5188,-0.302146423353648,39.3053105499042,17.2928906269265
5189,-0.290824836059512,39.8296252594844,17.30444712013
5190,-0.291048951696418,39.824565528182,17.3124101518123
5191,-0.291048951696418,39.8231132528401,17.3145303113638
5192,-0.541561347659496,38.3518794279053,16.7507850354635
5193,-0.543510791695611,38.1063844496899,17.1063302329957
5194,-1.34588112568374,39.386643970378,17.9851760370749
5195,-1.34047403697285,39.3658099235422,18.0089424653689
5196,-1.34047403697285,39.3712081907751,18.0084722045562
5197,-1.3289663634556,39.4788874660588,17.4549072552045
5198,-0.859945672936904,38.6284949280962,18.937976218079
5199,-0.859945672936904,38.6291277324896,17.7226785503002
5200,-0.860004052269507,38.6296790511081,17.7269319303598
5201,-0.866677709913605,38.6106830879276,18.9255526860019
5202,-1.35208266415536,38.4205690187876,16.8959893487396
5203,-1.34906968011965,38.4090253842909,15.6983322028774
5204,-1.34637417727776,38.4000374201098,15.2332828974199
5205,-1.3221857708994,38.4119736403272,15.1530370413233
5206,-0.967932639133368,37.1564618163527,15.7444533936053
5207,-0.967921231648625,37.267892851016,15.4064928845734
5208,-0.967921231648625,37.2679343918722,15.4135446982162
5209,-0.998892315869244,37.1577585929206,15.4344212922959
5210,-1.34284485765809,36.5949545731695,16.2391711081387
5211,-1.35757143380623,36.6217890295149,16.2270628081127
5212,-1.50726917186676,37.3341998095024,16.8358023482648
5213,-1.50161753043999,37.722416704924,17.0089646360573
5214,-1.500266913339,38.8960821587131,17.0012692234754
5215,-1.40792063725082,38.5519860391006,17.3235051465686
5216,-1.25438152862611,38.0893211036285,16.9142762991862
5217,-1.25505405219132,38.0945250912074,16.0523700729048
5218,-1.25505405219132,38.1034023374844,16.0406045030656
5219,-1.29209130075796,37.5235945502071,15.8269062951198
5220,-1.29538639944639,36.2977727941122,15.7522354657932
5221,-1.29587402285365,36.3038140269233,15.7494463174283
5222,-1.27515918200473,36.2075380785134,15.3178709543344
5223,-1.27257608354588,36.4284293693887,15.3070914222832
5224,-1.25104976970243,36.3240863139384,13.282502396525
5225,-1.25104976970243,36.3308744012795,13.2777564149481
5226,-1.25104976970243,36.1697812179838,13.2777564149481
5227,-1.2724664811287,36.1342940963768,13.2011959089724
5228,-1.2724664811287,36.1294901468443,14.75460010222
5229,-1.2724664811287,36.1295744074623,14.754482642775
5230,-1.19266240317949,36.0699399529875,15.1831756864799
5231,-1.13145354392643,36.3489561206016,13.9253234901366
5232,-1.13145354392643,36.3420191669361,13.9350781013668
5233,-1.13313277669189,36.3304887888251,13.9579453424883
5234,-1.56716811818058,36.422789376825,15.1406912317184
5235,-1.58608966279338,36.5158282668249,15.2141151921814
5236,-1.58608966279338,36.5240643180177,15.2058760430392
5237,-1.5847831279801,36.9066169462573,15.2073390135095
5238,-1.01397931685324,35.0009794978825,13.5479820710957
5239,-1.007665682712,35.0737372447433,13.5366751229753
5240,-1.007665682712,35.0821624370237,13.5369847026242
5241,-1.0127806831462,34.9997343385295,13.5188146919385
5242,-1.0073183958677,34.9731277364576,13.5031547186925
5243,-1.00626219390202,35.0712876997139,13.5088021292142
5244,-0.668892993936831,35.4489786262516,11.5382299217235
5245,-0.557856128116096,35.0980697139963,11.8067198063204
5246,-0.558474633485154,35.1009363035863,11.8035964769024
5247,-0.559520046905348,35.111652438225,11.7905943545175
5248,-1.20087037849589,34.9138309268555,12.5466265253477
5249,-1.20387260007341,34.8924113247572,12.587758665882
5250,-1.21511818448165,34.793542008517,12.7587839672219
5251,-1.218536963829,34.8284993446339,12.7077276122437
5252,-1.20427900773896,35.3415633806586,10.8686023183678
5253,-1.16028001816308,35.2816030693246,10.7934281887074
5254,-0.806097141174991,34.2088945398018,9.0286865828328
5255,-0.798794318516426,34.1762287828016,8.93008787138007
5256,-0.767782148800827,34.0277234868092,8.3343381137373
5257,-0.706062244186194,33.7705977064636,8.22615261493863
5258,-0.59038281164436,33.2953419478311,7.63090258697701
5259,-0.500496306617916,32.8873186117037,7.81148204533813
5260,-0.414484625868925,32.5874104278166,6.55346990471555
5261,-0.393859205810734,32.6027291467783,6.47538524909612
5262,-0.196891090023073,32.1761986782781,6.0759860459669
5263,-0.193667497686894,32.4161973487261,5.91218647895652
5264,-0.192958791697195,32.4656328791534,5.87303484614328
5265,-0.192867689809774,32.8406782294084,5.72886892808428
5266,-0.139010426084785,32.8317277547711,6.01478140107285
5267,-0.134828169531481,33.0617690185305,6.02186369653505
5268,-0.0756664880865639,33.7537051637388,6.07117042554036
5269,-0.0758115936641668,34.101094144732,6.04652595389111
5270,-0.0758115936641668,34.1011172848737,6.04469225494845
5271,-0.088502362765506,33.7847762034881,6.01623947342955
5272,-0.644868634229131,35.6693621059244,5.50454341592451
5273,-0.7668339732757,36.0152204745142,5.24323162799672
5274,-0.864213308816651,36.40159914059,4.73636170358528
5275,-0.87918909209468,36.3032602151943,4.65765024379447
5276,-0.87918909209468,36.3804190778555,4.38714787355954
5277,-0.864125190804853,36.5024157987409,4.20010685282002
5278,-0.818458339495831,36.3511221172689,4.34740200649563
5279,-0.819524806818608,36.1858438362872,4.57641229371931
5280,-0.821519520622118,34.0807908080426,4.64142231316539
5281,-0.836831962336327,34.0864819130775,4.73822591015478
5282,-0.955117150016936,33.5088683486757,4.85475262949564
5283,-0.972026340279032,33.423290923395,4.77926029305146
5284,-0.972026340279032,33.4395462870003,4.78986946165796
5285,-0.957856967790519,33.5433155905868,4.63864305514373
5286,-0.409947433181136,31.3600264077358,4.12374517059529
5287,-0.352936140134922,31.3257937110494,3.93426346818189
5288,-0.304055249214964,32.170095801553,3.72851766005399
5289,-0.220946999713793,31.731962251959,3.95518290617156
5290,-0.220946999713793,31.9890530318014,3.95614797350851
5291,-0.220823645115065,32.7279320389258,4.27243495855796
5292,-0.351634037425654,33.4810700065103,4.32107066876052
5293,-0.375940494460997,33.7319339430527,4.23168253578094
5294,-1.25308207566794,43.8879166354209,0.326272238828491
5295,-1.26809970602458,43.9177551411626,0.388257795832038
5296,-1.43752268025985,83.1809584269239,85.1268814747026
5297,-1.43895649092482,83.1412081033025,85.5318794412162
5298,-1.48052080388439,83.3327391612485,85.3581600409781
5299,-1.57823398867626,83.8020597420395,84.4423771919641
5300,-1.58757928947764,76.1668920010638,30.6442100591471
5301,-1.49605643272512,75.5872555838555,30.9401619573224
5302,-0.874449518774034,72.5753749584886,33.8344303829975
5303,-0.872324366407832,72.3806016478145,33.9715893172296
5304,-0.871792841676735,46.507890091336,33.8153341412826
5305,-0.91192961849709,45.8188429405927,33.7938232814046
5306,-0.945439188936184,39.969503902994,33.6339153088161
5307,-0.941572056147332,39.9350502647523,33.553572437139
5308,-0.937819245331981,39.1394418900182,29.1450028269596
5309,-0.821412093390181,38.4361919828257,29.7264743997074
5310,-0.821412093390181,33.9409161815247,28.0968392521904
5311,-0.821412093390181,33.3758852142152,28.012076246047
5312,-1.64358938456744,35.6940497636731,23.5544712463285
5313,-1.67927521001322,35.5489786285778,23.4100456633402
5314,-1.76689115228695,33.6690702467762,22.916802171207
5315,-1.77661090341236,33.7322966392185,22.8097575466043
5316,-1.77661090341236,33.8061190647891,16.6726898283655
5317,-1.76689115228695,33.7632481994414,16.6299092277855
5318,-1.12706929849728,33.0508456488406,16.4364277978997
5319,-1.09218753090923,33.0563248941702,16.3110503782927
5320,-1.09218753090923,33.0519733760682,15.4351734988238
5321,-1.1011480194329,32.9034259792744,14.8270330229472
5322,-1.09925615203236,30.538611759658,14.2772584509789
5323,-1.09112632600801,30.4961475133228,14.2936326121825
5324,-0.874745060677741,29.3853300529295,14.4738877661532
5325,-0.784228860957,28.9196718277624,14.7874573350172
5326,-0.784228860957,28.9258353138716,14.7595994247271
5327,-0.78458835206474,28.4971643908832,14.7502623450593
5328,-1.01649980591753,28.5507029111238,14.6572375627825
5329,-1.14710339745492,29.2351854122169,14.3758073656328
5330,-1.60790459698348,30.5401432381339,13.9186964428743
5331,-1.60790459698348,30.5401827571995,13.9186514611615
5332,-1.60381769068289,30.5217946856832,13.9522258431578
5333,-1.59217974170112,30.4623988290808,13.3911270456536
5334,-1.31377057901395,29.559096549031,11.6476364664469
5335,-1.31377057901395,29.5529828669671,11.4847316558302
5336,-1.31549072381144,29.5542632367113,9.4254418227449
5337,-1.34640599400463,29.3263465794204,8.90986550500582
5338,-1.34988784822071,29.3623030018014,8.11910733652188
5339,-1.35331278650635,29.3800379101468,7.70902320835066
5340,-0.765335230714548,26.4826557630034,7.52491953458938
5341,-0.710724251237556,26.2707321761629,6.99929914823165
5342,-0.124348853327878,28.4997166302602,8.75992684648057
5343,-0.0600426478921082,28.8841896350386,8.99873079043281
5344,-0.0600289048424798,28.9612332288801,8.99820924220563
5345,-0.124309457658801,29.4659424053626,8.77842594587385
5346,-0.55925595323866,31.8698565695238,9.1257658761979
5347,-0.57539285178325,32.1067479483755,9.40714142428005
5348,-0.6568098123984,32.8521377292716,10.5594488062627
5349,-0.699579151667919,33.8740486036289,10.7700139535832
5350,-0.727212462822365,34.6287043812415,10.9497261118466
5351,-0.726981997158036,34.8802398995325,10.9789810223714
5352,-0.726981997158036,35.5058577956518,10.9471633740711
5353,-0.71855853858539,35.8228098064548,10.9208312718851
5354,-0.445193371426602,36.3666639163293,8.8106525314707
5355,-0.402421330027301,36.2151940891383,8.13546334347572
5356,-0.403487235542572,42.440727665155,8.12832788315264
5357,-0.403780952306613,42.6679324971501,8.12643386720853
5358,-0.509769401761272,43.2031950161263,8.60615686007133
5359,-0.517265391039005,42.9679530917319,8.6756230057524
5360,-1.65565052220942,41.3552474356859,10.8547554139788
5361,-1.73261494827167,41.5996471409095,12.3069917331278
5362,-1.73816629252112,41.5844374183383,14.0224909080792
5363,-1.73846360213705,41.6253001816246,14.2338037479659
5364,-1.45256250353054,65.0503199356611,49.3546944411239
5365,-1.44731643378762,67.2218996702105,49.9280404734293
5366,-1.44731643378762,69.7834492470139,54.2640254583874
5367,-1.45028239838508,69.8076930495402,54.2966889987044
5368,-1.57999140247555,70.2870422305669,70.4202613552187
5369,-1.60106090402117,69.9947716615857,70.3829584127957
5370,-2.42640246357363,73.7186024072706,72.8560073020915
5371,-2.42352384934877,73.5485475885559,73.0843962359353
5372,-2.42057508498496,71.3309616421741,73.074342334285
5373,-2.38649524916496,71.1691856439286,73.048246306867
5374,-2.21667584053097,70.3410338455383,72.4114735029874
5375,-2.21667584053097,70.2207875901212,72.2928492737048
5376,-2.13140888466932,63.8855654645417,58.591594822706
5377,-2.13148364909028,63.8824280414567,58.4763724981442
5378,-1.64707630086233,52.5714970157428,56.2745360603177
5379,-1.56328738945389,52.142848856746,56.0635452263116
5380,-1.56147998220672,52.1359665498932,56.1068023378455
5381,-1.56134825561526,52.1262543812699,56.7742945158233
5382,-1.69671511879987,52.7983451185829,69.1161175957007
5383,-1.77006790240028,53.1068164041456,68.7960470653107
5384,-1.89885261799709,49.1523185528586,68.1197376538601
5385,-1.90083019305984,48.8022137100602,68.0293840515466
5386,-1.90602058865289,48.515094438731,66.6516790870843
5387,-1.90785754272607,48.2683901573488,66.623298835709
5388,-1.90878887328351,48.2623890446203,66.0950699078725
5389,-1.8230435857516,47.841057944108,66.4664680374822
5390,-0.933100233072929,45.9474324593103,57.1229059896028
5391,-0.904640678215324,46.3339861382221,57.1983137577851
5392,-0.446614626286434,48.70722758574,59.5922575618693
5393,-0.446739043759013,49.3573249909689,59.5910146628917
5394,-0.448285074594348,49.3507977809064,59.9607203364195
5395,-0.453606150987914,49.2096757236855,61.3156359181715
5396,-0.572622518328715,47.351959403131,60.8363200502688
5397,-0.622954471583962,47.4940619405223,60.5727593014967
5398,-0.622954471583962,47.4699965622592,61.881091422035
5399,-0.572388053850731,47.0771732187167,62.007740238715
5400,-0.5711018843732,47.0824537789099,61.9365647325852
5401,-0.621258327155481,47.0982176726968,61.7467303431908
5402,-1.17103300477582,49.9099158655127,87.5779172960977
5403,-1.16946088910018,49.9041371445934,87.6759121869921
5404,-1.19652413095209,51.5165679562781,87.2899838489099
5405,-1.19813260700182,51.5361102090578,87.2422334332317
5406,-1.12915729670295,51.2373172408686,67.6377930422957
5407,-1.12794451345567,51.2699726943459,65.1244400202996
5408,-1.02144267618245,49.5950568229024,57.6229385666094
5409,-0.88538599810064,48.7955999350178,58.1059073142961
5410,-0.88538599810064,48.6958914892331,53.1503281319006
5411,-0.88538599810064,48.6498801223364,53.1587651499929
5412,-1.12207279674774,46.7377114233415,51.8097097091162
5413,-1.12812740086258,46.5538014036304,51.450370726737
5414,-1.39834441205363,40.4274108037126,44.3700816701798
5415,-1.39701043280898,40.0266017480042,44.254524157127
5416,-1.39593647052719,40.0260815073864,37.9370727202346
5417,-1.30129336798646,39.5502863362758,38.3264071246178
5418,-1.2937006498892,39.2755244361847,27.6154362885838
5419,-1.29215188730865,39.2692221125894,27.5915799100271
5420,-1.28559244234862,39.2111800215021,20.6814859004604
5421,-1.28980705201091,39.0050465955249,20.3874649188951
5422,-1.28831313011175,38.7239648226199,19.183426741931
5423,-1.28377730743048,38.6913296517141,19.0256989411278
5424,-0.302502579726624,33.698723089785,21.0388311544096
5425,-0.255021463724752,33.5137172708253,21.0732198669453
5426,-0.150401836974537,32.9864316038509,18.0915021670336
5427,-0.150401836974537,32.9316079172539,18.0479186236133
5428,-0.150401836974537,31.0185831786655,15.5027371372404
5429,-0.180798898126461,31.1666290022935,15.2717886317518
5430,-0.180801933754792,31.1634170824556,15.2509555886596
5431,-0.180819275225449,31.2768718401143,15.0005774039323
5432,-0.180871829991265,31.2768533239693,14.4307100895543
5433,-0.180871829991265,31.2820795210457,14.3510707844016
5434,-0.181224186325067,31.3431111656226,14.3496446048092
5435,-0.242301631541698,31.6384821402791,14.0270247204627
5436,-0.383070168330903,32.3616934100816,14.2423826114847
5437,-0.412824558742633,32.5319829991566,14.4043275899694
5438,-0.412824558742633,32.9936772327679,15.7338151884705
5439,-0.412824558742633,33.8999709685795,15.9214091423531
5440,-0.290965077283123,35.68767904039,16.5535037322704
5441,-0.284330026238671,36.0359915384482,16.2742304802695
5442,0.290387832464876,39.812673874614,17.6037595106538
5443,0.380528319113309,39.3817930330623,18.0379649135438
5444,0.382077179155192,40.5242917067676,18.0475438473966
5445,0.382118163391605,40.5516628657534,18.0750455512702
5446,-0.0823338655941552,42.8838883992326,17.301719530802
5447,-0.126595092152561,43.1056281849376,17.0683571987598
5448,-0.126595092152561,43.105593217289,17.068323182713
5449,-0.126595092152561,44.0247528721366,16.9395169609252
5450,0.375588069589313,42.1864087715789,17.8348830548657
5451,0.46378908372825,42.2556050108009,18.1783776847308
5452,0.498002949338005,42.084700324501,18.3488685609504
5453,0.498002949338005,42.084700324501,18.3493952024027
5454,0.498519566271972,41.9191193436339,18.3524437785797
5455,0.425436432128839,41.7082505315054,18.2923927150293
5456,-0.144545140104777,40.6614954063489,17.1199548705997
5457,-0.145933283315622,40.0488763126799,17.5443347228191
5458,-0.146175399370166,40.0489358463,17.5443419026222
5459,-0.146405761371801,40.0546308155651,17.5373396414973
5460,0.538698422991257,43.8195697898295,21.3803180524011
5461,0.558511201693525,43.8596821885658,21.4158172426324
5462,0.558511201693525,50.8067939055425,21.2649330274038
5463,0.558233665970765,52.0157091412867,21.2837038200041
5464,0.181239614563994,53.9127647955563,22.5399207740303
5465,0.157880008893236,53.9626339508094,22.5705953768366
5466,-0.899061291701754,59.655204761122,18.4986858087459
5467,-0.918723000882585,59.6909092120373,19.0418547167497
5468,-1.13779109579887,67.1943207098598,38.8032190484814
5469,-1.14925485185202,67.2439687150138,38.8023855000318
5470,-1.22640489378472,74.7129516735476,64.1083136707521
5471,-1.24931712441593,74.8403559095253,64.0162833073395
5472,-1.14730084001468,74.3379692989937,64.5324765035188
5473,-1.14730084001468,74.3257441870751,64.5119934374553
5474,-0.976538185097627,67.1476918701483,62.8819096891573
5475,-0.973626669522857,66.8897143583361,62.7024780376733
5476,-0.853815466378233,64.6992604272888,58.7161734078103
5477,-0.814595287492252,63.6850012240432,58.8360101497567
5478,-0.42101300112454,60.7046408038978,55.9421656599954
5479,-0.353419789598355,60.2724910994052,56.287004522119
5480,-0.35488646593795,52.4746379419149,50.3985232714854
5481,-0.424198232321403,52.1094226496485,49.8106271658041
5482,-2.03688558598342,52.945418958802,38.240748192755
5483,-2.08536852415564,52.4446240967423,37.3842926236779
5484,-2.08503485075381,51.917913790099,36.9032011874165
5485,-2.08491036025177,51.912962649766,36.8217902220482
5486,-1.34756403051216,48.1946398902931,31.3914300203949
5487,-1.30704900466249,47.827850253529,31.5341272369826
5488,-1.13282854499626,40.7764377306039,22.6753263343153
5489,-1.12001744913236,40.7565885102807,20.3134977214629
5490,-0.926020781820319,39.8548259177349,17.3248161920763
5491,-0.872535251805103,39.6318488152207,17.3710316671703
5492,-0.617730325739961,41.915584929857,16.1301437604695
5493,-0.617789587972499,41.9642317137421,16.130308737535
5494,-0.617847525706196,41.9645292309994,16.1307377428532
5495,-0.620448920786714,41.8989158809248,16.1738311708603
5496,-1.62905960104011,46.7347507970523,15.9653524168384
5497,-1.70782553834463,47.042744393242,15.8344582855091
5498,-1.70782553834463,46.8390029860587,18.4314171906752
5499,-1.70782553834463,46.839688067551,18.4344376608023
5500,-1.57394564746529,49.834475451672,19.1438766525353
5501,-1.56265076133015,49.9601784088211,19.0316485911496
5502,-0.54510671528649,46.8065897516483,19.6288739217849
5503,-0.545105311546035,46.9390278078762,19.4773234548194
5504,-0.54510671528649,47.2052686238531,19.4227583963819
5505,-0.566678844546829,47.3159761110411,19.7288848478742
5506,-0.600667023801319,47.5870384463167,19.9275406909648
5507,-0.608182353055687,47.6046033482973,19.9268828320902
5508,-0.628750946975356,47.6682179762439,19.9234321264689
5509,-0.729966082630395,48.1371890757429,19.464716436795
5510,-0.880076962872388,45.9943386133681,18.7804682225264
5511,-0.916158267772576,45.0255776362436,18.6327744137834
5512,-0.916158267772576,44.8873035944367,18.5907037549748
5513,-0.916158267772576,44.9080963165858,18.4953081929565
5514,-0.842749195152114,44.535003661582,17.5390790954944
5515,-0.825786269885036,44.4925915670451,17.5516462047368
5516,-0.412274432195468,43.9436671616336,15.5185144564948
5517,-0.412274432195468,43.9732450002387,15.3075406530528
5518,-0.412075721365623,43.9724217136108,14.6596183705144
5519,-0.467721742662385,44.0913688643747,14.3409882071974
5520,-0.467734790055216,44.0890620653303,13.8184321468082
5521,-0.468204407432145,44.0526287097691,13.7069204946359
5522,0.0124923486517214,41.6897128101708,16.2265685701037
5523,0.0315447229076014,41.6520342375464,16.4789847512707
5524,0.763046838412608,52.8129749388641,99.6077109909585
5525,0.77190431992451,55.2830150524586,102.543307591529
5526,0.773505792331825,84.3249895095774,102.645811199511
5527,0.764094097698443,84.3693644510499,102.649358475399
5528,-0.19799285885802,88.9403274070575,97.8128857059083
5529,-0.218197281264409,88.7698084422014,97.9138032025825
5530,-1.60068579794148,49.5459547112466,57.7261700274295
5531,-1.62984990911251,49.4372486267394,38.9515016312342
5532,-1.62984990911251,47.628950540347,38.7963814876
5533,-1.60068579794148,46.7857442042039,38.9426321790155
5534,-1.34150913971176,44.4527311407536,34.5575985078612
5535,-1.33658807283295,44.4633017523603,34.449146174947
5536,-1.33651365616398,38.7101565390369,16.6089158089503
5537,-1.34180681576647,38.6727956416228,16.5458236462983
5538,-1.34035720748312,38.6656953744844,13.4554027991884
5539,-1.34035720748312,38.6068290583366,12.1442567011137
5540,0.319002397584138,38.2800117144903,13.973089905609
5541,0.375358187603345,38.4064042465667,14.1400374329098
5542,0.375203319813813,38.4236759591146,14.1433634283157
5543,0.375203319813813,38.4251590806596,14.1471855670748
5544,-0.338181948416784,38.5646697735849,15.8592278453541
5545,-0.339340162158364,36.9897823485682,16.0285899531522
5546,-1.25501153581479,39.707458639179,12.124938705515
5547,-1.25601440589427,39.6926414090984,12.1448692487674
5548,-1.25601440589427,39.7028401628822,12.1370050563608
5549,-1.25111552044167,39.7124596694336,12.1165341387476
5550,-0.690773487765211,45.9487176876824,13.4145776713553
5551,-0.689386042584509,46.0257696118311,13.185559362193
5552,-0.689386042584509,47.5453929332579,13.1315176002322
5553,-0.690773487765211,47.5572833896397,13.3199476001554
5554,-0.932737468732031,49.4783767927397,17.859739489954
5555,-0.93376313575464,49.4639836341954,17.8804369534976
5556,-0.93376313575464,50.103128888899,17.8867303881153
5557,-0.933247576890893,50.1798179890509,17.8869659753217
5558,-0.604591982450302,48.5541791744687,18.2621349882379
5559,-0.603897674983707,48.9059031079049,18.1990515153749
5560,-0.601478153557363,48.8979735881962,18.2086030168003
5561,-0.613447490849794,48.958704158301,18.1454563752408
5562,-0.613447490849794,47.9827252099293,18.226334896283
5563,-0.613447490849794,47.9692005011317,18.2453579363345
5564,-0.46016636189802,47.1814875301068,19.5308127394471
5565,-0.394525922433359,46.9347980153519,19.9050289271937
5566,-0.0324255927661013,45.6636719712476,24.1895162976371
5567,-0.0197568344190037,45.8566460774979,24.2420758384717
5568,0.0215543840745432,45.688036180366,24.4559256652839
5569,0.0543243093194123,45.5212732763909,24.559604069071
5570,0.0866950354760492,46.6807297302698,22.122976464831
5571,0.0867075303950228,46.6518102303518,21.8957113326961
5572,0.0867075303950228,46.6395166407325,21.2760884629847
5573,-0.0136046271112125,46.6647966935666,20.8510868169966
5574,-0.013615752315446,46.6554929510908,20.6897052430771
5575,-0.0136158786056831,46.655563000877,20.4960378885692
5576,0.669835215305331,47.1204849577055,19.5673212328046
5577,0.671893458523979,47.7627720602347,19.0737547460493
5578,0.671893458523979,47.9711053726433,19.0741845546476
5579,0.671833166159177,48.0017031640328,19.4358518726966
5580,-0.0288249146420253,51.6057366962242,22.052275493497
5581,-0.100531676370873,51.9034226779656,21.9422281017166
5582,-0.217743134314351,48.1850203629078,21.6045811800975
5583,-0.26160460099433,47.9360224279006,21.3607325297619
5584,-0.620082470368084,47.3761293792264,19.5377000469052
5585,-0.704631770628235,47.3341310038936,19.1343240502005
5586,-0.704297648274818,47.3324978695198,19.1359589817703
5587,-0.704297648274818,47.3320647923267,19.1115269562962
5588,-0.0699424911006955,44.5293093044865,20.2635467323347
5589,-0.0380002205154259,44.4235654417543,20.150662026591
5590,-0.0380002205154259,44.4229725169269,20.1505864207551
5591,-0.0380516368629919,44.3723546794115,20.2042960605406
5592,-0.790878307898559,46.3416531503168,16.9529405486894
5593,-1.06351829006979,46.8751529031566,15.9845082342163
5594,-1.06351829006979,46.8755265819601,15.9841257489314
5595,-1.06322251268841,46.8785187950907,15.982729859066
5596,-0.469736944322148,46.7125514791201,16.6064758708801
5597,-0.446480691711862,46.7263639823011,16.2587640286535
5598,-0.328245701719116,46.2575828476294,16.7123462144988
5599,-0.318095881278328,46.2595745313903,16.1776988607814
5600,-0.182513821193887,46.116246407095,15.8913967344805
5601,-0.129183746140134,45.8458939343957,13.7461326360359
5602,-0.12935109204145,45.0966985226724,12.6455820603192
5603,-0.129366278638747,45.0325880441385,12.7103716802163
5604,-0.58569541072772,44.5318695896458,10.5778001813026
5605,-0.92855745154201,45.4210527928264,9.09387494866144
5606,-0.929050365582288,45.4217924499054,9.10414605914067
5607,-0.928917543067474,45.7212899951731,9.10450728224897
5608,-0.555998960021372,43.8218706721997,10.4861063270575
5609,-0.555998960021372,43.8602662826712,9.70899250254823
5610,-0.555597799342836,43.8584270792768,9.7108236833999
5611,-0.56503688548531,43.8950204643582,9.66141229960517
5612,-1.01534587126985,44.4313071007564,7.94175730830003
5613,-1.01575108075045,44.2163359012146,8.06062804998648
5614,-1.01534587126985,44.2116029750369,8.18967477648555
5615,-1.01525454652131,44.2063207963649,8.15107656214255
5616,-1.01515355494518,44.1977485718218,8.16054283383053
5617,-1.05709811705925,44.3269147533212,7.98668611737306
5618,-1.05709811705925,44.2543948270807,8.36168525917879
5619,-1.05752638906083,44.2572245706106,8.45003896391601
5620,-1.01255025197076,44.0290456242704,8.68417093904692
5621,-0.967511149984313,43.8582136369026,8.82764878585965
5622,-0.967393236045378,43.8750579472228,8.80981044153856
5623,-0.966720463370593,43.8742716552802,8.77834970871028
5624,-0.966704528493873,43.8745535397946,8.47671501052989
5625,-0.966392784703574,43.8733672908809,8.47790752969116
5626,-0.643991052506503,42.8146927580565,9.64551877645155
5627,-0.620398554870681,42.7018059878817,9.76158230727201
5628,-0.620331571343519,42.7144499071192,9.74878775586048
5629,-0.620331571343519,42.6652433680085,9.74484485646532
5630,-0.646659127826427,42.4982922351627,9.63918304131471
5631,-0.646593302181788,42.4993380414911,9.69062643950964
5632,-0.645358321759461,42.4934648238011,9.69304993865467
5633,-0.634024647002417,42.5467397045867,9.71810149260646
5634,-0.634024647002417,47.5350618872856,9.77061885966192
5635,-0.634087949887589,48.1954994795067,9.88723397828386
5636,-1.54096173883697,61.358731353017,25.6651436279816
5637,-1.54113609361312,61.7043685273186,26.082783885803
5638,-1.58218590818688,69.5747993868198,38.9742937112884
5639,-1.60609958460057,69.7359158772083,38.9099035955169
5640,-1.58602430432086,97.2645460974606,65.1102232365088
5641,-1.50074152499588,96.9321412842674,65.7390449540382
5642,-1.50060607625395,96.9250008780688,74.8678279173756
5643,-1.42352108099693,95.4864527852025,75.2082653694714
5644,-1.42059423285999,86.1233263199597,72.2848434047125
5645,-1.41413232766129,85.5620289233521,72.417903892599
5646,-1.30216935283901,68.299513704381,73.006007716875
5647,-1.23981740932358,65.9546157501618,72.6767927323104
5648,-1.24213175510985,55.4443547562053,56.8066536519486
5649,-1.30747306240018,55.7127851001313,56.3170122586132
5650,-1.48006054165693,41.1704683334464,43.4444581875883
5651,-1.5271539210269,41.3243883008348,43.0397286057455
5652,-1.65141710152127,38.2926933397662,33.1380654471519
5653,-1.65199135801732,38.2211455662264,33.0138391651529
5654,-1.85537297525362,39.263048438204,31.8430120489364
5655,-1.85537297525362,39.0955421852972,32.1489893031086
5656,-1.86310182918236,41.440423382452,32.3143675869332
5657,-1.84630531922959,41.3535400472902,32.3374758713788
5658,-1.60753168369353,40.1392796079425,21.4802468334521
5659,-1.56918886385607,39.912509018057,21.2523347110813
5660,-1.55313232242422,36.6261000698285,16.1532383495754
5661,-1.58915587219238,36.7320848469325,15.9429992411679
5662,-1.58766909313313,36.7736830031675,12.7600394062827
5663,-1.58845032442702,36.8300217520367,12.4207906374768
5664,-1.91655759853589,39.0738404277738,10.770322786695
5665,-1.91958122831521,39.5483521438806,11.0525652450614
5666,-2.1706872066436,42.8732594533344,18.9569273197709
5667,-2.17900513032373,43.2491953078978,18.9630397289173
5668,-2.36836636903529,44.1513412953324,21.3866923501345
5669,-2.40529982486049,44.3389412428518,21.5137596359951
5670,-2.40509644989344,44.1701180862342,21.680526873508
5671,-2.38374262623065,43.970235809964,21.7997670541786
5672,-2.37203656394244,42.0319747945378,23.3116701526864
5673,-2.37147650844619,42.0308066453593,23.3149232148561
5674,-2.34417768745798,41.8938378508641,23.4559401770314
5675,-2.33553240560251,42.0589020747673,23.4680683977059
5676,-1.72163411060301,40.3827708710948,23.3260184103379
5677,-1.72163411060301,40.3930468023809,23.1442787893043
5678,-1.72163411060301,40.4160836357438,23.1466953388999
5679,-1.75404480441214,40.6820129563114,23.1753375573673
5680,-2.21524645260891,42.9736554367566,24.5411432232862
5681,-2.27293044152168,43.6575924017371,24.3354511205022
5682,-2.73987135804479,47.8876671218545,33.0754553985109
5683,-2.73716201103439,50.0602390984744,33.1656097449062
5684,-2.73603148041071,51.3787746334415,33.2894990342387
5685,-2.6623308509662,51.8079164007275,33.6867100457353
5686,-2.33216653948374,51.8801323374383,35.3756172125098
5687,-2.33023641980709,51.8765927097107,35.3734574857921
5688,-2.00485290180738,50.2206385524824,34.0865434039292
5689,-1.87614853579733,49.4106855118212,34.7443978983823
5690,-1.8762793492444,44.03773261402,32.2724070939527
5691,-1.88276047590928,42.966014856667,32.2676124992841
5692,-1.82020603490436,41.8014614993121,28.7670196104365
5693,-1.75792741107065,41.189297026088,29.0175821855557
5694,-1.69200051525504,40.8758312882503,20.2243865468348
5695,-1.637592304878,40.593236332901,20.436812809598
5696,-1.637592304878,40.3429499316479,19.6403395610142
5697,-1.637592304878,40.3427389005775,19.6439336098331
5698,-1.78973444478779,38.6021568061473,18.8506295593853
5699,-1.86584099779058,38.7573730572899,18.4709150156605
5700,-1.86584099779058,38.7913981185497,18.4339463368566
5701,-1.86584099779058,38.8097952900369,18.4233018384903
5702,-1.96837731306315,41.6631328983377,17.9099184722547
5703,-1.98645728569084,42.1085383417522,17.8135033660317
5704,-1.98736389962077,42.5381102415409,17.8239950045804
5705,-2.04763772596782,43.1740289350962,17.6160493157501
5706,-2.32255230759237,55.6523501501891,36.7922232466544
5707,-2.57063679387402,56.8989205049516,35.5287262707052
5708,-2.73396745093315,57.7196870558679,34.6951876234931
5709,-2.73150879538371,57.4959422418481,34.6605079401821
5710,-2.73150879538371,53.6532519457371,34.4782954684942
5711,-2.73150879538371,53.4640099552417,35.0815693504634
5712,-2.78595008817904,51.3938875766262,34.8227555397653
5713,-2.78821378534075,50.8925843522489,34.9398603593783
5714,-2.78821378534075,50.4612372520123,30.4777116134763
5715,-2.70353865375939,48.161496790706,30.8726502936772
5716,-2.61445833399126,47.7533066181403,26.921822328993
5717,-2.59207947454657,47.6994025297014,26.9787531905614
5718,-2.06944082547758,44.6755523330228,24.2890608294436
5719,-2.01951728127497,44.422323259118,24.3465762817719
5720,-2.02599540721881,44.4480676689023,23.5517948660448
5721,-2.07382876408559,44.6249458641014,23.307234567277
5722,-2.09318823841992,41.8902662745316,22.8043694760881
5723,-2.04530364996014,41.5628789544187,23.0064651442621
5724,-1.85738584474781,40.3028434410744,19.5568358325055
5725,-1.85502154020865,40.0140961549081,19.5413020277396
5726,-1.85502154020865,39.9544262754604,18.429317142612
5727,-1.88316942194517,39.9914749827954,18.2965202095775
5728,-2.02232372371421,38.6786310896687,17.6341521690209
5729,-2.14392662406099,39.0801955499886,17.0294447092992
5730,-2.22638506496546,39.4968443346114,16.613770138001
5731,-2.22610157886063,39.4996399934225,16.605214826713
5732,-2.22277925628715,39.8421860733687,14.7743960773521
5733,-1.88412725771462,38.4768729170979,15.7687000589169
5734,-1.78376190981479,37.9833796277682,16.2719755804516
5735,-1.72559061134066,37.6828309595236,17.0960760023742
5736,-1.71495991027252,37.4881867573171,17.4284030289888
5737,-1.78255670336008,37.6649668817041,17.100210632131
5738,-2.39484198818129,40.2685462974583,15.0544197571815
5739,-2.42007186496135,40.0836632218536,14.9765407474666
5740,-2.4916738711199,40.0211264996127,14.3534828920658
5741,-2.4916738711199,40.0215975631001,14.4567317072364
5742,-2.4916738711199,40.0283545291244,14.45205454738
5743,-2.45755298496382,40.038251211645,14.5129016375345
5744,-2.35132520704716,39.8708537430542,13.6170653978339
5745,-2.34806842011183,40.2507513634867,13.3244422364149
5746,-1.89870438496814,38.3640132591875,13.2514241166512
5747,-1.89837343022252,38.3621835555019,13.2491807085099
5748,-1.89526169208502,38.3481417151762,13.2545134032175
5749,-1.94246866910553,38.5085979720013,13.152726795623
5750,-2.51371632584941,40.4334181310102,12.078310148295
5751,-2.56389341156143,40.5819627749746,11.8642061977728
5752,-2.56094978090456,40.5569929970796,11.8765932285367
5753,-2.56094978090456,40.554610904937,11.8783280130318
5754,-2.3297150940833,40.107442398497,12.3280308148361
5755,-2.31168188326921,40.1926727582236,12.4135244086325
5756,-2.30365645604628,40.1628664058507,12.4434647684476
5757,-2.29561311400614,40.3056741866111,12.5823761726513
5758,-2.28628540880666,40.2580893628448,12.7010729179708
5759,-2.28802019345425,38.826973470423,12.8649463848304
5760,-2.28827817501008,38.8311092201283,12.8572733915947
5761,-2.28990374850888,38.9343355627469,12.8435278405251
5762,-2.3031054604656,39.0068914411926,12.7619839766951
5763,-2.30687602826998,39.0476943711734,12.7320783477727
5764,-2.30901204233552,39.1110801142315,12.710045927382
5765,-2.31450811114692,39.1539196497503,12.6887402629331
5766,-2.31802139111461,39.1871225520506,12.6717238692813
5767,-2.35499969592178,40.1185404560466,12.9181698017215
5768,-2.36542412720394,40.3757141131026,12.8373710790341
5769,-2.39680874849736,40.5404183407681,12.7109588984519
5770,-2.3967499502304,40.520784359181,12.6758950455083
5771,-2.39306531177452,40.5058555416123,12.6853046210253
5772,-2.2065081546723,39.6709478213519,12.2072915185967
5773,-2.14383184768139,39.3923340126826,12.231900275554
5774,-2.14383184768139,39.3974954964928,12.226873702688
5775,-2.14383184768139,39.8954964925743,12.2277400172228
5776,-2.20188095862886,40.1688125853594,12.4590927331818
5777,-2.30241797614267,40.5299952226113,12.3098199992284
5778,-2.32745127662036,40.572270413192,12.2284327697206
5779,-2.32745941170419,40.48566932339,12.3274605799036
5780,-2.32791318906302,40.4998697690018,12.0796945321027
5781,-2.30264218139649,40.3562206788557,12.2227927685743
5782,-2.29549557577756,40.2922498829605,12.2629529071337
5783,-2.29348032827501,39.5110228012865,12.3877092279325
5784,-2.27783869812507,39.4332011208143,12.4640591003816
5785,-2.2751285912878,39.4162870314139,12.4776862292051
5786,-1.98845964493029,39.2194728086013,12.6548989986508
5787,-1.94835418007009,39.1224124846391,12.7002760545659
5788,-1.60949156213561,38.9062805764944,12.7822812300098
5789,-1.61125837377014,38.9539930257853,12.6159255148895
5790,-1.63731718723847,38.9961597570973,12.4959446956237
5791,-1.65441360817623,38.7677339118193,12.5082994960841
5792,-2.1331416473376,38.6508859115243,10.3118403168287
5793,-2.13348627069618,38.6525153955188,10.3843467594846
5794,-2.13348627069618,38.6975061300784,10.3206158079491
5795,-2.07766643504588,39.0239680121049,10.5322566683717
5796,-2.06542018639797,39.0444251484476,10.5080106553759
5797,-2.06542018639797,39.0497290977734,10.5652062017638
5798,-2.10731034227281,38.6690350769556,10.3410375376007
5799,-2.13658092323106,37.7746086843819,10.5669393681882
5800,-2.14372413730356,37.6913627617827,10.712446939537
5801,-2.1956202930157,37.9397929993117,10.5595034520359
5802,-2.22564480834393,38.0822921333082,10.3188735670971
5803,-2.23583174590691,38.3639375914056,10.4383279360516
5804,-2.22689794198223,39.5034665652322,10.3673312935157
5805,-2.21321165343037,39.5203653594133,10.1724185908879
5806,-2.36624954837557,40.580753509451,6.39229254325029
5807,-2.3234206914201,40.5418468056321,6.32758510352895
5808,-2.3234206914201,40.5198713677761,6.34901454302325
5809,-2.36624954837557,40.4842953272229,6.18020746584103
5810,-2.37921202520338,40.5355893018551,2.42097818632495
5811,-2.3385348264777,40.4338472214637,2.18190282451807
5812,-2.13873402923288,39.4375749633053,6.75454169401695
5813,-2.13618270016855,39.5861463846466,6.66138653844506
5814,-2.12068696094319,39.6155101360245,6.5445327137152
5815,-2.12186524765468,39.567648152108,6.53573247040256
5816,-2.59718090862445,41.3775163359866,5.16534447673504
5817,-2.6007988937511,41.1297660991979,7.40651519915706
5818,-2.60325468700777,39.6809298056104,10.4817668462556
5819,-2.60222841215971,39.5725297481111,10.559895133657
5820,-2.51062174210033,39.1089331568237,11.0260897777436
5821,-2.49925615218727,39.227505529115,10.9154689786206
5822,-2.12738655251441,39.6524966409648,9.70419991198798
5823,-2.12463898263319,39.7783324534971,9.55245016766569
5824,-1.78973601584959,38.7967871868435,8.07518043625382
5825,-1.78635937711841,38.9639965061473,8.09564312185195
5826,-1.78635937711841,38.90188140389,8.13355091459138
5827,-1.78796761491993,38.656828303038,8.31509514660736
5828,-2.38368391446832,38.2572954809394,8.4742056594196
5829,-2.41116833856006,38.3598288576563,8.94307912970093
5830,-3.10274716652397,40.5893657934261,8.5805990822999
5831,-3.11295075256085,40.6211223967083,8.64784884666758
5832,-3.1450170949235,40.5986654629099,8.55300071781842
5833,-3.15751229116201,40.5757719866319,8.87945959434009
5834,-3.15751229116201,40.5582303627017,8.87976117580795
5835,-3.15904161661184,40.6819702766155,8.76425960487901
5836,-2.60295830942151,38.1918370180864,8.93915789242591
5837,-2.25952138599117,37.1565632077593,10.2910097843742
5838,-1.91849611468266,38.3953105943724,9.47938019495015
5839,-1.91627196507971,38.5251573913853,9.45565382905291
5840,-1.91011555972569,38.5362728612658,9.48959527793216
5841,-1.91088441391203,38.431611408897,9.61348145434197
5842,-2.43357697376102,40.4004481249751,9.1926318025073
5843,-2.43378431182324,40.1357195800704,9.28988148696537
5844,-2.46372693024911,37.2993804128471,10.368010819829
5845,-2.45052674067228,37.1737914086808,10.3851335308387
5846,-2.38772439216214,36.8582918453328,10.7020307668475
5847,-2.37506224457773,36.9333436638189,10.6046853742007
5848,-2.06227674279144,38.1996006137069,10.9997438580165
5849,-2.03955968194353,38.2169656011619,10.7570625930935
5850,-2.03955968194353,38.203768656454,10.7186616324334
5851,-2.03955968194353,38.0543938653936,10.7411936698738
5852,-2.18085491882977,36.9085520540813,10.0927978853371
5853,-2.18299443646528,36.0806530111755,10.6518027783371
5854,-2.40969390117066,37.1448269945082,10.3395288511502
5855,-2.49274124626958,37.5550594733037,9.96005637860322
5856,-2.55758833916776,40.0379485943591,9.5667468101247
5857,-2.5616528090983,40.6806671824314,9.52767747357446
5858,-2.5616528090983,41.3183245778034,9.55715597728056
5859,-2.55758833916776,41.2861654734745,9.59012153503263
5860,-2.43661708609832,97.1638624660958,119.765958766311
5861,-2.43656006312211,98.1920439919602,119.975053125744
5862,-2.43656006312211,99.0798108593629,135.182004429607
5863,-2.43661708609832,99.5182302402168,135.180277591799
5864,-2.96184587758017,102.845618120114,132.647577107573
5865,-2.95659726561057,102.822659960428,132.595247392705
5866,-3.05043405064377,106.300396728912,131.402520169952
5867,-3.12190099787996,106.467487231083,130.552196506691
5868,-3.36979795773085,104.942131934612,89.8906719507616
5869,-3.3908287617228,105.049432258454,89.7553004947013
5870,-3.3908287617228,93.5326402881973,48.0978469637054
5871,-3.40093039780298,93.0979896848196,48.0382880566957
5872,-3.17018819363382,90.7426890566134,47.4750453234669
5873,-3.15364181232715,90.2700138908182,47.4524468290106
5874,-2.44573707812347,69.7526475761095,46.0058372453404
5875,-2.44518890274691,69.1432809817344,45.5655546142088
5876,-2.44518890274691,43.0041852480129,45.3991620153551
5877,-2.49558253266846,42.3282005161929,45.1788580467668
5878,-3.35006261562823,46.5770555825004,40.7554376473108
5879,-3.3717182881927,46.6645939258927,40.7297939288656
5880,-3.3717182881927,58.0669969506577,42.2840744739055
5881,-3.35041134082997,57.9496180638742,42.4370435886948
5882,-2.98822456219424,59.1158698787262,44.2954840967322
5883,-2.98822456219424,59.1057491576777,44.2881833191192
5884,-2.98695243344226,59.1187611273848,41.7581462397838
5885,-2.99334427439831,58.5639808639536,41.7208812753318
5886,-3.08945240497463,47.3267285396446,39.6205226946823
5887,-3.09007815330455,46.0415233810174,39.6168097942863
5888,-3.09007815330455,46.1151442161115,35.8095333362541
5889,-3.10196150050794,46.2392040680077,35.6360245393927
5890,-2.38211721369588,49.8632926321267,35.5496142297055
5891,-2.38030538772838,50.8127561237079,35.4995940271977
5892,-2.36958846601592,52.1455531045517,35.5536361687943
5893,-2.46020173593003,52.684898146873,35.1459448089927
5894,-3.42892224900425,57.1613528773455,39.3622940249105
5895,-3.42948744520364,57.1325123199069,39.3895919443102
5896,-3.45940154055764,54.5491650429529,39.2876547285044
5897,-3.45770805800108,54.3852351866194,39.2436951191271
5898,-3.45770805800108,43.9506684348938,31.3412214466801
5899,-3.32722870878764,43.0931728878471,31.9286881692456
5900,-3.30104592030918,41.6693808610956,31.6302377008506
5901,-3.2011594837444,41.1840181334025,32.0784020022543
5902,-2.85794392689217,39.512648785539,28.9931577400141
5903,-2.84853675009047,39.510266758569,28.5253504461528
5904,-2.59399187568906,40.8144130742091,29.5225395621642
5905,-2.59303691791341,40.7795070481113,29.4011705042758
5906,-2.58650756693078,40.7164845319804,29.4715674829117
5907,-2.60398641548173,40.7237314126465,29.6289647300249
5908,-3.2391079332981,40.243113457611,28.5285987241353
5909,-3.23371234042962,39.6282832083845,28.5963479179722
5910,-3.28685194033651,38.8336527043583,28.3897220535838
5911,-3.30217168094098,38.6093544876845,28.2949136635873
5912,-3.32567080724426,38.4568332783404,27.3280138867887
5913,-3.26765906815985,38.4941363037971,27.4273443682826
5914,-3.26765906815985,38.7618280070825,24.918485415499
5915,-3.26720183530247,38.7591144125195,24.9000114102267
5916,-3.29944375933877,39.1659679900049,24.7267831154349
5917,-3.30784900232736,39.1919045172173,24.6700738900316
5918,-3.37189052109396,39.4563056863913,24.2264008685406
5919,-3.4109529907182,39.8798517525782,24.043355445193
5920,-3.49204956960905,39.9916105692189,23.7355324279394
5921,-3.55022904687607,40.277458735449,23.4524596419779
5922,-3.56814214767505,40.5649164190888,33.8686134407945
5923,-3.56814214767505,40.8677191795993,34.0735674775661
5924,-3.81100952581336,69.9040330313255,33.1577924443263
5925,-3.85282830987761,70.1042027760621,32.9539173066799
5926,-4.02579543440532,80.5372683934757,80.5186054892026
5927,-4.06391639062338,85.6877695421459,80.8601967386568
5928,-4.20432785786076,92.6461122238598,87.2757004380216
5929,-4.2237608980387,92.6854991167499,87.2385950005834
5930,-4.20958616243493,91.7458313755913,80.2596111319443
5931,-4.20698483571947,91.8049835829434,80.2720275779198
5932,-3.7101864329303,89.9604700830095,82.3263054517619
5933,-3.7101864329303,89.7378460951233,82.1725088596083
5934,-3.73571464377977,73.6381038136285,27.4552613214207
5935,-3.74184364290581,73.303182281041,27.3963123103153
5936,-4.49820573559829,52.6359850776301,23.6147084334323
5937,-4.52718330969343,52.7998001542008,23.5206092244001
5938,-5.12211741692714,55.8446450400286,21.662225327235
5939,-5.14297257274018,56.0635846984975,21.6569951369986
5940,-5.14258378867573,61.6545347759347,22.778339396433
5941,-5.11601673895623,61.4651737250672,23.2000188548701
5942,-4.82320929212883,59.95963978006,26.6661811830998
5943,-4.80330152951387,59.8068684725096,26.8149925251537
5944,-4.16607532720025,56.5433917478112,30.5236251114314
5945,-4.15899538058206,56.436383813278,30.5982880751805
5946,-4.12884960483222,44.354339285209,30.687118456055
5947,-4.12635909546789,44.1967977560881,30.6551082601009
5948,-4.05858875542404,43.8314094589792,23.7951049420857
5949,-4.03001273167948,43.670024286096,23.9294177449973
5950,-4.03001273167948,44.5640675211949,23.9924262678201
5951,-4.03001273167948,44.6040976951281,23.9835007731767
5952,-4.09234825492422,44.9886716689778,23.6412527910914
5953,-4.10366896040741,45.1942141021124,23.8767738860294
5954,-4.57072184210353,47.4787490536084,21.6212420085945
5955,-4.62946731817273,47.7919702034385,21.856073337278
5956,-4.83546721411706,48.822467971047,21.4644954133618
5957,-4.85256368563438,49.0538158254963,21.4152072355406
5958,-4.96917574967618,50.0050141348736,48.2764003328681
5959,-4.99493905185184,50.2749564163648,48.2474065794542
5960,-5.50412302434478,77.5291123573426,55.1378043960726
5961,-5.79276897144904,78.9286751628609,53.7006330215048
5962,-5.96272027467608,88.1898078327891,55.8960792663554
5963,-6.00244331463226,88.3645724148724,56.1664075448911
5964,-6.08454844085457,94.1225672691644,56.870295196287
5965,-6.08454844085457,94.5297884357104,58.6111806941606
5966,-6.09401211352394,104.141016926876,68.5210114606129
5967,-5.96666857878745,103.517031643346,69.1765027941143
5968,-5.43467274251017,100.979027325205,71.8416417509187
5969,-5.34702977657686,99.8969065235922,72.2568613853347
5970,-5.29782426993807,48.4157280712303,41.598112164847
5971,-5.29499186236402,48.55125777245,41.1864331854734
5972,-5.24941105776584,47.0486584488601,36.7713364832362
5973,-5.24002419914393,47.0271972723108,36.5200590021332
5974,-5.10666548485825,42.0926163474997,30.3024070968491
5975,-5.00496715271607,41.5373642645912,30.7839450609035
5976,-4.97956881793371,39.8173583425986,24.5012645918178
5977,-4.97585638757968,39.8521994835859,24.2793522863645
5978,-4.96321722807623,38.0894215163922,23.6492243517922
5979,-4.97278202058467,38.0753031893938,23.5861605634285
5980,-4.97272595495628,37.9837998841618,23.5618316203034
5981,-5.27546380519587,39.6051197303174,22.7726242101505
5982,-5.28235400231234,39.6541301613962,22.9255441549681
5983,-6.15958522561909,44.5089747691982,32.8722401916216
5984,-6.17559770937894,45.2442283380362,32.8249569286804
5985,-6.19105768732541,46.0005959629567,32.8622687716868
5986,-6.19105768732541,46.4453632343781,32.2457342296427
5987,-5.3539426250675,46.5275763255463,35.6089320780567
5988,-5.31553612044701,46.729829414117,35.7277927741571
5989,-5.31553612044701,52.9580016174191,35.5614177982708
5990,-5.31553612044701,53.0823296185691,35.4441416024049
5991,-6.15090658105833,58.032416160364,32.3517993890306
5992,-6.20186458342884,58.3024777884609,33.0378580232608
5993,-6.17575892630371,61.3606220337112,39.2694965460695
5994,-6.17575892630371,61.4153236195544,40.1508217695639
5995,-6.37275967482188,71.545624102466,39.187959298586
5996,-6.38049727005992,71.5825689499516,38.4133679390383
5997,-6.38049727005992,71.5712141333787,35.8893609153252
5998,-6.49562565631647,71.872507873345,35.2828672440165
5999,-6.50916541811574,71.9311078346054,35.0450539968026
6000,-6.48777265221665,71.7480346865316,34.4865396640043
6001,-6.47371368206226,84.7986257474226,34.555946066349
6002,-6.41611779974855,84.717410597432,34.8439643423732
6003,-6.41611779974855,84.7123769792969,56.3392128229975
6004,-6.41611779974855,84.4573806382875,56.357082766176
6005,-7.28757506867442,78.5421087887142,52.4629858933017
6006,-7.28757506867442,78.5265459957305,52.4588558702179
6007,-7.29749509995407,75.9704501535897,43.640263595867
6008,-7.2306750529623,75.3578378763387,43.7669474799138
6009,-6.98404744944785,65.7977652111679,37.6072216319615
6010,-6.98690330773693,65.8189479926133,37.506752606466
6011,-6.97831439407337,64.430743746026,36.3563626717243
6012,-6.89391972726785,64.1184065076647,36.6765141264388
6013,-6.86671828668646,64.0612555564723,32.2047808093375
6014,-6.86159834957915,64.473648579175,32.1744655028658
6015,-6.86159834957915,65.1159720608869,32.2904695366449
6016,-6.85982313959693,65.4427976701788,33.1233907772078
6017,-7.55274201204536,69.3044916990389,31.6137494410199
6018,-7.63260580437684,69.7941684535061,33.0033497422903
6019,-7.90864085101775,80.1711488130858,35.3374662096761
6020,-7.91969003816015,80.7395615396658,35.5055892217815
6021,-7.93020576147681,104.546609444182,35.4667054418044
6022,-7.93020576147681,104.903242418513,35.3476856910851
6023,-6.32512059148332,116.407785783783,54.2251267467681
6024,-6.31236011180947,116.522210997203,54.098455299566
6025,-5.08478164593485,121.47344064716,75.5667437594436
6026,-5.08076195731993,121.457204368398,75.5818339545615
6027,-5.03691689546626,121.252067928158,75.8105006855648
6028,-5.03691689546626,35.1340135895219,75.5607551198452
6029,-5.78373298115502,36.561451559688,18.0087708119019
6030,-5.78745262443742,36.4428427226326,18.1340819326622
6031,-6.07260310756753,32.5119946851083,17.1496289329688
6032,-6.09066026317027,32.3558222235642,17.505010614662
6033,-6.29462322584592,33.7494665111116,18.7827304897768
6034,-6.31096671485901,33.9938505067601,18.7421849139845
6035,-6.33066854710336,39.7776524219627,18.756702102262
6036,-6.31583361805697,39.8160810575945,19.061807665658
6037,-6.32398496090779,44.0495737217329,23.6760466926638
6038,-6.32398496090779,44.1057040258156,23.8036973885028
6039,-6.32601095178363,44.1524543297935,25.0906277720454
6040,-6.33496807627458,44.1485858733409,25.2427833736461
6041,-6.53250275297012,44.9583303389202,27.8141718816642
6042,-6.5687858020444,45.1454212426939,27.8830501799113
6043,-6.78146762227838,51.4254696746599,26.7996480799665
6044,-6.83830910897967,51.6646468891622,26.5545395070228
6045,-7.31746629150206,58.6349882600867,21.254457219205
6046,-7.32894783185127,58.6646036794274,21.2373537689709
6047,-7.44428291018758,59.3649035356387,20.4994348143174
6048,-7.48387471639282,60.066009976746,20.3427469164053
6049,-7.55630955777357,65.9133718507869,20.7799699265417
6050,-7.59810232511669,66.2305366835226,20.6817408738902
6051,-7.75373982965645,72.0955346447635,23.3864431132364
6052,-7.82228995182929,72.6361785247063,23.3966123474299
6053,-9.29547842056661,103.856833020983,29.0365196041825
6054,-9.30081868519341,103.860033203119,29.2387301565899
6055,-9.30081868519341,110.279467602334,56.3571076616796
6056,-9.29474085080613,110.284327561642,56.4581712389096
6057,-9.14448123730828,109.850131236797,57.6037861206188
6058,-9.10137655091925,109.805650397343,57.8220065081778
6059,-8.65881941301849,108.334113058,59.8974586123929
6060,-8.62611021218282,108.213863248852,59.7024654797897
6061,-8.09508046911344,105.282130844407,48.3979208282428
6062,-8.09223600825174,105.08498532874,48.4425508131702
6063,-8.09223600825174,103.678665061383,47.735732083705
6064,-8.17791847719708,103.956142661915,47.3110175908847
6065,-9.51519507593325,104.310036016492,41.4699220692762
6066,-9.55530628950708,104.166387388665,41.3366310524907
6067,-9.58616786335165,104.249277632313,47.6809361763516
6068,-9.58615208406884,104.557472215634,47.8466064665098
6069,-8.20644449249094,107.47861843447,55.5889791305201
6070,-8.20059577500635,107.431056025478,55.5588144457019
6071,-5.2186353959727,93.4135208892354,68.9519364867335
6072,-5.02975696403596,91.7592443683495,69.8192854826576
6073,-5.02404714816157,61.703911399626,69.6588898862741
6074,-5.21300468023435,62.2286218875949,68.6227505482705
6075,-6.46019841868799,47.0753908703155,30.2804982110562
6076,-6.49028833963765,47.0465283722036,30.107122802024
6077,-6.41154051991754,38.5382733394679,30.6827323009791
6078,-6.40919396267055,38.4115457707263,30.7837323377277
6079,-6.22522221258908,36.8421536787111,31.7219786123741
6080,-6.22482349320261,36.7948437918264,31.5321823874865
6081,-6.1806892740962,35.4786951275069,26.3963312401516
6082,-6.17963509492848,34.7148711800026,26.2579112273959
6083,-6.17963509492848,34.6906394172908,26.2324164291418
6084,-6.10322846368834,34.24364061074,26.6178866572346
6085,-5.38794915027052,43.6601375923267,33.2551125757362
6086,-5.35011895596903,44.0245930060559,35.5669371081213
6087,-5.35011895596903,43.9471930472324,39.3779798477657
6088,-5.38794915027052,43.613138450984,39.24967773967
6089,-6.64192757454833,40.2637370144223,34.1073137903141
6090,-6.66680934884068,40.2250317720633,35.0218240531553
6091,-6.70891276639863,40.271949358235,35.0296804994937
6092,-6.70891276639863,40.278367291067,35.0296804994937
6093,-6.64071293484774,38.475514203716,33.0658620585253
6094,-6.58784332678191,38.5780292462077,33.0794208471602
6095,-6.27159432636087,37.3734385504467,32.1521688920981
6096,-6.26203940822754,37.1957813983572,32.0656496827591
6097,-6.25058058184223,30.2739578345623,32.1282910179544
6098,-6.25301891209441,30.2431743140698,32.3407443292294
6099,-6.93118133201514,32.0767465434929,33.3302880915095
6100,-6.94720946991211,32.0067417822764,33.4401472834909
6101,-7.25000984660509,33.1561508514679,32.1842048987123
6102,-7.24837294192034,33.4523301193159,32.1958326746921
6103,-7.34349381305692,42.5357231291981,33.0153343047166
6104,-7.34515172937235,43.528378957411,33.8378197627111
6105,-7.53890835882107,45.8087655184805,34.435376919823
6106,-7.60606014778637,46.1511539553871,34.132939338202
6107,-8.17763742519247,49.005035663386,38.4643994309415
6108,-8.19124597613992,49.0709693516825,38.3976399252653
6109,-8.19229853385186,48.983654236813,42.9978154322557
6110,-8.18702050798152,49.2659628811397,42.9973136415068
6111,-8.18997749437311,50.7478005435205,43.3333220551546
6112,-8.20368262348195,51.0004615123335,43.1540773476855
6113,-7.81144495570359,56.6333439002382,44.618768534213
6114,-7.82594176944813,56.7170269636367,43.7924356606447
6115,-7.78449756573605,60.5476998691959,35.3996642123099
6116,-7.76295452841115,60.4699433372498,35.5064687968869
6117,-7.15773825140302,66.2249935306521,38.630085363319
6118,-7.13514403799084,66.3130420588113,38.8240212249625
6119,-7.09027710883306,69.3255493860199,49.1145626416353
6120,-7.09027710883306,69.3388882162894,49.2490723998396
6121,-6.20928937264916,65.1777418867368,53.277558141272
6122,-6.13341746481109,64.7147786320586,53.0831506369088
6123,-5.85705843589873,60.4363310933889,44.1146393812685
6124,-5.85192295197688,60.3291053482542,44.0789001927127
6125,-5.82504935975681,38.2057175701601,43.846906952389
6126,-5.82825496707459,38.2324971204099,44.1302634363375
6127,-6.09479420289874,39.2659998094897,55.763648216133
6128,-6.09479420289874,39.2649575664244,55.776553775638
6129,-6.59840686555351,41.6873007931399,53.8916373675798
6130,-6.52132392907297,41.2435053742952,54.3500716093114
6131,-6.56396939688693,41.1130600130608,53.5357637909878
6132,-6.65701802540306,41.5191271946149,53.0774285818495
6133,-7.67902358488523,38.3117824794371,47.8025725503169
6134,-7.6960572841738,36.9665220136633,47.6753324669189
6135,-7.67401380255671,30.4281454759394,38.230857895993
6136,-7.71577350727353,30.7034925028653,37.7801186122021
6137,-7.86909613371715,24.3674984013423,36.7041039899463
6138,-7.9156979402169,24.4068124748359,36.4567731372256
6139,-9.99146343578929,34.612715156306,34.3161571673924
6140,-9.99631359301892,33.4934937245812,34.6538422315397
6141,-10.0386045368416,33.4891461616715,46.5547046760643
6142,-10.045582677396,34.5277894831056,46.508671541053
6143,-8.58310726371584,46.3241167868243,54.1321595126152
6144,-8.51826971170932,46.3816743934398,53.0621635482162
6145,-8.21441555885685,45.0633732156428,41.1106225479136
6146,-8.21304038874345,44.7952234118475,41.0546104178547
6147,-8.21304038874345,38.8835524461274,40.1029718781653
6148,-8.293666399478,39.2697734556216,39.6780626472071
6149,-9.87501456076291,43.6336555804937,31.5674000718353
6150,-9.87561509701964,42.9347012904706,31.6353944168276
6151,-9.8729827303238,42.6778220607458,31.7517240936911
6152,-9.8639989777772,42.2701034549569,33.137412608294
6153,-9.69663433730666,37.9456921330559,34.2149701196702
6154,-9.69663433730666,37.8780805114006,34.5037309516968
6155,-9.69538338824517,37.7921225762555,34.6011986255245
6156,-9.69588953784522,38.5158325914123,34.6129185418943
6157,-9.24305749597247,47.4249603231984,35.4029722163856
6158,-9.24236894735236,47.9283306650824,35.2456776058623
6159,-8.94893003104967,47.7719248498104,36.500193245653
6160,-8.8481249212929,48.0134962358759,36.8953181953082
6161,-8.78435000376905,47.8365475527968,38.2885495535749
6162,-8.77872755461467,47.8745694201416,38.2711394464594
6163,-8.77585070506172,48.0334395918608,38.8023803210043
6164,-8.81153396514576,48.2086438902427,38.5482978892495
6165,-9.10874982317367,49.3179460047182,40.4955219977279
6166,-9.10697085276969,49.2416558483199,40.638286082154
6167,-9.1865288446108,40.1055993813416,40.7599328923118
6168,-9.1865288446108,40.1059647169022,40.7985510907296
6169,-9.1865288446108,40.1059647169022,40.7985510907296
6170,-9.15983191401242,40.2829725974258,40.8238548321253
6171,-9.25084723657401,47.640697710533,40.5667616986975
6172,-9.25506171613413,47.7175109763141,40.650953178138
6173,-10.0190132107058,51.0844378862335,57.4238551886013
6174,-10.0451365703261,50.9808380555593,57.5734379796015
6175,-10.0451365703261,50.9955034311835,57.5569567147332
6176,-10.0131601891093,50.8383715463914,57.6824720269073
6177,-9.71435665618594,50.0911049279693,51.7989889952241
6178,-9.70868346360348,50.3364842492392,51.5960043192999
6179,-9.5316316840274,61.3408781165986,50.7651862479683
6180,-9.52898042249816,61.7962928162311,50.6840777467173
6181,-9.28805671488574,60.4399478181794,52.1124736123142
6182,-9.27439259322003,59.8533690686897,52.3238772757442
6183,-8.4319221262433,50.0027565037791,56.8472250188845
6184,-8.35385859231554,49.4242700647797,57.4811534578877
6185,-7.98225264197106,42.1785481040716,59.3579960921821
6186,-7.98097995475652,42.2559732338953,59.3050279004625
6187,-7.97193678349596,42.2076625155509,63.5824738786364
6188,-7.97320806608798,42.2480987934245,63.6161462912919
6189,-7.9739551207185,48.2736210401092,63.3928945087557
6190,-7.97268372210404,48.8410810386111,63.3794418263605
6191,-7.8390224430361,47.9201447362776,61.6515061924202
6192,-7.82250315638248,47.1962694951618,61.7128642334692
6193,-7.37689412186788,39.2365234438903,50.6480432519387
6194,-7.37237582750569,39.0784316071028,50.659159395038
6195,-7.37237582750569,35.9348360933425,50.5251492393313
6196,-7.42883637573071,35.4457899565007,50.1634534343521
6197,-8.41546254750387,40.5062622445092,65.3261151127499
6198,-8.42080768282957,40.4431558570946,65.6998822197497
6199,-8.44643008697526,40.39386962352,65.7850142502059
6200,-8.43464488763416,40.3047080421533,65.5091166951349
6201,-7.82683964070168,38.2194253117362,43.9706762504092
6202,-7.7812750348867,37.9999093180772,44.2141435735031
6203,-7.7812750348867,38.4771672179088,44.2005856517361
6204,-7.82683964070168,38.9087482267173,44.5555213617952
6205,-9.67526276556183,46.6186268675672,37.5885980531274
6206,-9.68517334776913,46.4682988336661,37.5550049037351
6207,-10.9957523827427,56.8943823535056,48.9391206021263
6208,-11.0100148778287,56.9584976011478,50.6392175658043
6209,-11.0100148778287,56.997294558572,50.6403864064734
6210,-10.8932589980115,61.5750499287967,51.1273276082119
6211,-7.54561031684416,55.1074374100556,53.5243555815924
6212,-7.52491545744582,55.0757113471151,51.4348572288162
6213,-5.81616842263484,57.7168301263463,57.6216509187105
6214,-5.71472156696756,57.250337700292,57.8794546235912
6215,-5.71472156696756,57.551523643861,57.8732381948136
6216,-5.81616842263484,58.0042640541544,57.4623072402513
6217,-9.09648159664315,39.2384838151964,63.5818547110584
6218,-9.1019644204737,39.1326867617853,63.940535014389
6219,-9.1019644204737,39.0429310513376,64.0379658465641
6220,-9.09936278388767,40.9529062094758,64.049860937621
6221,-7.57803514587593,34.6076509849885,49.5587478116466
6222,-7.5732860023555,34.749399159104,49.4060815598604
6223,-7.5732860023555,34.8787772532747,48.5358926971342
6224,-7.67993418597284,35.3326912867098,48.630086292893
6225,-9.86270401016089,42.6762122581344,37.1935567139499
6226,-9.87577124829268,42.7224669424471,76.1888135080904
6227,-11.5795719065235,50.6140178355305,84.1118479895549
6228,-11.5884302277596,50.6657235345191,84.4911452642959
6229,-11.6328342403404,62.039368237851,84.2807937783949
6230,-11.6374687327774,62.1272410423485,83.6578472932857
6231,-11.6374687327774,65.1067591593786,64.6781941213795
6232,-11.6328342403404,65.2028433979965,64.4699793402217
6233,-9.93382276532552,58.6832325695725,26.8301290618316
6234,-9.89679547140625,59.2169153231125,26.9210082319132
6235,-7.84799539411325,52.9690451286391,36.4512292502161
6236,-7.83517223030323,53.537340318103,36.4315570087506
6237,-7.83501559171699,53.7239891315234,36.210111289143
6238,-7.84708268298223,53.7601934362296,36.1446948023587
6239,-9.22013768988652,52.8972072011289,29.7793313344729
6240,-9.2350875749827,52.6273743800056,30.4692701062661
6241,-9.44775605197842,32.1427065413132,44.0351935838806
6242,-9.45243275777954,32.0448821539105,44.2630794198114
6243,-10.177148132977,33.4479188157678,44.2878433172166
6244,-10.2005305235985,33.491770615293,44.3777143386141
6245,-10.9998447518795,37.5305980614771,45.5270822689625
6246,-11.0183059230245,37.1204903399542,45.4699348072583
6247,-11.0183059230245,37.133323044854,45.4730770306137
6248,-10.9998447518795,37.1321939286361,44.6274387954895
6249,-9.75999979069068,33.0585015658484,46.4100848524217
6250,-9.62800858228498,32.8041224211033,46.0119604817536
6251,-9.24181001384559,42.6137492702085,44.8056165635629
6252,-9.23526371584289,42.6045297086838,43.5440901542536
6253,-8.62202794769433,39.4590168132673,42.9923647736127
6254,-8.60925373812273,39.3932168202958,41.9694539653975
6255,-8.60925373812273,37.6838898168144,41.9635515532239
6256,-8.62202794769433,37.6405894415542,41.9234740949087
6257,-9.42459204850291,39.12400825359,40.3147110896151
6258,-9.43250322633239,39.1456106966683,40.4923870999105
6259,-9.51221420977103,39.435558272883,42.0100591433748
6260,-9.51221420977103,39.703203034589,41.9841212271091
6261,-9.47523119588541,39.5197605274238,41.961669713139
6262,-9.38970970745219,39.8267593477248,41.1475818359884
6263,-9.0897299930403,38.2893251165686,42.7376640111835
6264,-9.08787986249657,38.2853899741721,42.7782354494355
6265,-9.10971982074503,37.787257071033,46.9815189459518
6266,-9.11359858611314,37.7670303417822,47.0918747558901
6267,-9.33185308848749,38.5357953278683,47.3371629936202
6268,-9.47958616933648,38.815410053571,46.7400312199427
6269,-9.54725415478125,35.6805650969649,46.6058080908735
6270,-9.73271542090028,36.6264107849919,47.3697111996077
6271,-10.3569888068889,39.178235188598,44.6119308820151
6272,-10.3569888068889,39.1802595609629,44.9447778478509
6273,-10.3569888068889,39.1653654217373,45.0482435957505
6274,-10.0190128743737,37.9057231458283,46.4230879947561
6275,-9.1455682352354,35.8276148155819,49.2909326062151
6276,-9.12786413631441,35.852446022229,49.3382501040806
6277,-9.12786413631441,35.8638323768922,49.3367483140513
6278,-9.15112021351417,35.9264857963383,51.1268790023007
6279,-10.335793224028,31.5296550277564,49.8414716457459
6280,-10.3380019443049,31.5182106009332,49.874616634731
6281,-10.3531482912348,31.1098373669714,49.7937869818683
6282,-10.3571359289853,31.375052872074,49.1023429638178
6283,-10.3509491030132,31.5006830414325,47.979623041107
6284,-10.3433344137909,31.4769232441394,47.8652659645759
6285,-10.2593181065673,31.0430586787195,46.5374857065734
6286,-10.2201681368882,30.9575666337711,46.661851241262
6287,-9.65786398150761,29.6091902717664,48.4011041343164
6288,-9.63664004427716,30.3942339989357,47.314794033229
6289,-9.17532235637075,30.2555227279909,46.6947971099547
6290,-9.1751194004133,30.2318422869434,46.7172856696785
6291,-9.17328206412492,30.1707230884664,46.7668104692683
6292,-9.26967656228571,30.6150755054321,46.2872644774927
6293,-9.4565586650611,30.1930250000733,45.3154627642151
6294,-9.46002220671708,29.8760507974132,45.3029356393204
6295,-9.48793408224956,29.5545893375726,45.4712486740253
6296,-9.56437328839247,29.6814545597402,45.439256330768
6297,-10.500466135534,27.7995287860612,47.4265160015986
6298,-10.5031097120298,27.7964989455803,47.444357177504
6299,-11.4568553979248,26.5038417324669,43.3055457804562
6300,-11.4767372408818,26.5676300874329,43.2612494944786
6301,-11.4767372408818,26.3744928411235,43.2893652458106
6302,-11.4473713082797,26.2313528261342,43.4329265738335
6303,-10.9468339640992,25.2636525135102,46.0138143316085
6304,-10.9407036495828,25.2855601082598,45.8848094135093
6305,-10.2116952478363,31.6988388065368,48.8104100275284
6306,-10.139222280311,31.4978837548854,49.098560951925
6307,-10.1107912351557,31.4501563411855,45.8281710086305
6308,-10.1830695958912,31.8627272816164,45.2261586004478
6309,-10.3063305637623,28.7271937253474,44.5802828837447
6310,-10.315227567458,28.5932461538807,44.623402587424
6311,-12.9636442884469,41.5339963588232,84.0963400895798
6312,-12.98180225466,41.4723174175689,84.3293637821713
6313,-12.98180225466,52.1082509684305,84.4122214732511
6314,-12.9638428455683,52.3204207004348,84.4161773459347
6315,-10.6704023046831,64.6649614824345,69.8176832589028
6316,-10.6339374634498,64.6890967291531,40.188042066266
6317,-8.19160962688351,52.4066861299797,48.2230817912825
6318,-8.18489540472379,52.4357694805599,48.3760033270557
6319,-8.18489540472379,44.8156511121969,48.2777177857219
6320,-8.30983774423261,45.3246466822371,47.7634637327829
6321,-9.9522333965804,36.8993878987697,40.611022121569
6322,-9.95322730068215,36.7095271147023,40.7855037854404
6323,-10.1540019357771,36.57079760781,39.7849768268665
6324,-10.1771595138695,36.6422750037541,39.7123274653687
6325,-10.1677230638208,34.297538568636,35.7786028967168
6326,-10.1763127827832,34.3306350905191,35.7006519521395
6327,-10.0896644445252,30.5536903063149,31.716583211126
6328,-10.0823572380208,30.528699126219,31.6514850365352
6329,-9.84273655997242,29.2613168100094,27.6979483303604
6330,-9.82144727114579,29.3133591478675,27.7963265840831
6331,-9.13231220517521,29.3045167371326,31.579799369817
6332,-9.11922048309527,30.2311811955334,31.4007352297935
6333,-8.63136469101524,27.7130323688624,33.9649409291409
6334,-8.61009059951644,27.6664985226647,33.8986335236393
6335,-8.55153067562273,27.30826070816,32.3332277786676
6336,-8.5472155425641,27.2677852510949,32.3539526266039
6337,-8.5472155425641,26.1352363387821,31.8918798523293
6338,-8.56382302484639,26.0322637775824,31.8301732264955
6339,-9.8068528231135,30.8723404612618,28.1477548230845
6340,-9.81480235718738,30.8366945000936,28.1879999787725
6341,-9.81480235718738,30.540267256356,32.9378955337589
6342,-9.80809837147544,30.4807077854155,33.0149310377074
6343,-8.85333229913366,41.8182899068887,38.056599113268
6344,-8.8334715467975,43.0951719968993,38.1304460350568
6345,-8.8334715467975,42.9973550165836,38.3485189922267
6346,-8.84456540699837,43.0537521239963,38.2889670965369
6347,-9.65912607102475,43.3021892122924,41.6295062971073
6348,-9.69702120265706,43.4651823270194,41.8964162935978
6349,-9.69702120265706,39.102030377384,41.8964162935978
6350,-9.69255103159384,39.0171065718388,41.9145388599525
6351,-9.59851711332599,37.2160860895555,39.9463400412013
6352,-9.58975577638217,37.1808681880272,39.7738630011776
6353,-9.58975577638217,33.0762533493885,39.5663188275303
6354,-9.58975577638217,32.9015513689652,39.7835247869664
6355,-9.76210263266879,33.4672480270996,41.145200250365
6356,-9.79233882908495,33.6030407630321,42.7653618037588
6357,-10.1520364737545,35.3107049258049,42.1584844540569
6358,-10.1520364737545,35.4867421879381,42.2176510502355
6359,-10.1520364737545,36.1425111109664,42.1843983255038
6360,-9.7975637667714,34.3479642013545,43.9856287073599
6361,-9.20886763733273,33.5626994422306,46.9602154844402
6362,-9.18410385451622,33.4470216905696,46.8561265945849
6363,-9.18410385451622,33.4488981326612,46.6916270086485
6364,-9.20001829253921,33.3060572443694,46.6093345213567
6365,-9.78255304441029,33.0148943187545,43.7802085633224
6366,-9.79450953681263,32.9263167342931,43.8459532483283
6367,-10.3365175578056,27.6657000062303,45.6009596003894
6368,-10.3365677832086,27.629098169674,45.6037852742614
6369,-10.7077181966289,29.5575432841129,46.3470796739125
6370,-10.7270697490126,29.6405553104184,46.245636499471
6371,-10.7312703233183,29.5950240295782,46.334425098946
6372,-10.7077181966289,29.8368524178967,46.2225060144074
6373,-9.88165910037786,30.9672211596173,43.8192231658375
6374,-9.84973515650014,30.8911393560999,43.9806915509281
6375,-9.07700830009428,29.5640829012077,47.7947189909283
6376,-9.07700830009428,29.653715618474,47.7116114709656
6377,-9.07700830009428,29.6964587909104,49.8439779907717
6378,-9.16793404889591,29.0892615668583,49.5383069495024
6379,-10.6327974908432,33.8097226065624,42.0729020067262
6380,-10.6338622131815,33.797358242611,42.1493506233375
6381,-10.6338622131815,32.4267561058855,40.8219637811667
6382,-10.620769704132,32.3600243950615,40.335017413108
6383,-9.32116884247987,26.3037742283344,38.3465975748842
6384,-9.30695625453398,26.6714912480094,38.3506511784145
6385,-9.30695625453398,26.6714912480094,38.3506511784145
6386,-9.31056207314899,26.6422471696987,38.3648164510352
6387,-11.1022157684547,25.8579452219564,40.4938472364573
6388,-11.1145215851913,25.8779105290189,41.2459745289756
6389,-11.1145215851913,25.8675040623173,41.2565981857197
6390,-11.1036544982793,25.7957757016706,41.3172369603089
6391,-9.88511252944918,26.4552734932385,36.1706504081678
6392,-9.87734653078742,26.4665245721118,36.046686106079
6393,-9.87734653078742,26.5187287947655,35.9934273793868
6394,-9.88011849739427,26.5286636182222,35.9823855845291
6395,-11.9965037744379,26.436155495253,53.4563785934759
6396,-12.0000668476488,26.3802148990863,53.5476697721117
6397,-12.0692313886464,26.6387907184477,54.8187976829796
6398,-12.076420409481,26.6852460182979,54.7830369532872
6399,-12.076420409481,32.3177213341387,53.6864545329421
6400,-12.0734633336171,32.4444938096648,53.6677967768874
6401,-11.716808044243,35.9724839893219,55.4165594334168
6402,-11.6344560285353,35.8069489198117,55.7013698675747
6403,-10.4315453890525,36.6736051830748,40.947999293087
6404,-10.4216241395505,36.6968093962298,40.992186687506
6405,-10.2727452554468,37.1261691641947,41.6505519077133
6406,-10.2370230481558,37.2947122316098,41.8350285384022
6407,-10.2054431035207,36.8190195715139,42.305992378586
6408,-10.1560382442984,36.5031077176804,42.7813758772704
6409,-9.51651006234583,33.2215213610389,46.0948182393088
6410,-9.48713117445766,32.2854576573883,46.2106053274301
6411,-9.48713117445766,31.9250717476287,46.0505643124101
6412,-9.50784742554955,31.9075267470234,45.730695019439
6413,-10.3091239941802,29.4468814412526,41.672231015538
6414,-10.3234522075468,29.4921087127958,41.8010062371291
6415,-11.7177947860131,27.1280969486104,42.8507923620394
6416,-11.737445873879,27.1890473200352,43.4453505960685
6417,-11.9716828388999,27.272246280194,46.3266536299099
6418,-11.9702701200522,27.265185942784,46.3534379051324
6419,-11.9588714814708,27.1942513920542,46.8742847067869
6420,-11.9471556583033,27.4963563673282,46.9011445946327
6421,-11.6275653433037,27.1210022129932,48.536240231898
6422,-11.6222466943312,27.3099351311748,48.6835241698884
6423,-11.496182512741,28.9524295845611,49.2821163295817
6424,-11.4415259422637,28.6790901650816,49.5655880049738
6425,-11.4965269234689,28.9967699538925,45.6541646724943
6426,-11.4997753065327,28.9849054833857,45.6215361370677
6427,-11.6570775061964,29.0181414177958,43.711993122506
6428,-11.6867815247795,28.9654012185325,43.5551258736409
6429,-12.4860668214912,28.684168846627,39.4252656226833
6430,-12.4842834085647,28.6167476297683,39.4500229964694
6431,-12.4976703720503,28.57560104214,39.3178060841488
6432,-12.4936890215481,28.570911329101,39.2057100487975
6433,-12.6112274931036,28.9358301164312,38.2940435931502
6434,-12.6112274931036,28.760160818916,38.2770505655481
6435,-12.6115318328322,27.6402901638557,38.7206329042686
6436,-12.6229093575076,27.5900326797266,38.7753850259649
6437,-12.6305829206146,27.4337517788604,39.7693303445817
6438,-12.6311570938261,27.4933288730203,39.7915458942158
6439,-12.4312209125219,27.1415240842822,35.4361422741979
6440,-12.428908725523,27.1600580764243,35.373693040084
6441,-12.2294210448227,27.0813866653392,36.2372675828493
6442,-12.2176532633667,27.0401114818376,36.2451606326162
6443,-12.2155839777128,27.0633844326422,35.1794811945403
6444,-12.2459820788786,26.9058116621776,34.5121193145184
6445,-12.2820827560232,26.9934049470075,33.2892988644033
6446,-12.286663469211,26.9798960035218,33.2590415998208
6447,-12.5709935519392,27.2798823842523,31.8322015764735
6448,-12.6039380555116,27.3972359991871,31.7813852154656
6449,-13.8209111645053,29.0930937053256,28.5874487614323
6450,-13.8333918408194,29.1598027193274,28.5516963769167
6451,-13.8333918408194,29.1565882583956,28.5546153809393
6452,-13.8124085276508,29.0735818412445,28.6733723591314
6453,-12.9283887806377,27.794308113375,28.6315448288571
6454,-12.9253935123364,27.7409906648746,28.6794629413374
6455,-12.9283887806377,27.4132155333866,28.4075039851708
6456,-12.9445126741615,27.3154512370362,28.2941106802049
6457,-13.0712850247737,27.920977946671,28.0252787833909
6458,-13.1173024602378,28.1363495218556,27.7970306419205
6459,-13.1785755650855,28.4701222326326,30.6195697500386
6460,-13.1404319518621,28.3157362433454,31.1071173198769
6461,-13.2552836667275,44.1940983403139,37.966968731043
6462,-13.231410459761,44.3277371152177,38.0352299513863
6463,-12.9593701516586,88.5710595084745,35.0347560689152
6464,-12.9017141290167,91.543800577642,35.2677112154732
6465,-12.0443232589926,87.5862008915572,34.6629772655103
6466,-12.0286831436593,87.4505908054889,34.7770424732996
6467,-11.8684451892819,69.5868470537316,33.7671448739983
6468,-11.8661791514538,69.47380517813,33.8241576075735
6469,-11.4572500044837,54.8974429403806,32.6021664156773
6470,-11.4516739602086,54.7640440154019,32.7006729340827
6471,-11.3801918403435,53.5607050467194,30.2730066063736
6472,-11.3409880639074,53.3164664209666,30.0859112828177
6473,-11.120511795472,50.1299112466496,22.4927738352059
6474,-11.0816485694022,49.9398592739328,22.6826906458743
6475,-11.0816485694022,30.3102088292451,26.6631967701528
6476,-11.120511795472,30.4371011371506,26.511321081718
6477,-11.908063820264,27.6946171170677,25.1092226640503
6478,-11.9199879084132,27.7288835820051,25.4720606345223
6479,-12.8030452020642,28.9599181779265,39.0897441097487
6480,-12.804781264245,28.8892061825701,39.2170489601804
6481,-13.0579606287344,30.2752347028783,41.1765249429305
6482,-13.0605103406122,30.3082008350906,41.3411399499514
6483,-13.0605103406122,44.9445403780233,41.3816479316097
6484,-12.8351377837693,44.3948693837992,42.5668819744848
6485,-11.4663501707299,47.5885053402521,29.4832979619817
6486,-11.3176458111237,47.7092877222861,29.1589803132624
6487,-9.34129567578208,38.9979561134161,29.0495644106283
6488,-9.33489300529978,39.1260267183178,28.9202875617731
6489,-8.76678397544088,36.2798698962754,32.1890320681277
6490,-8.76785017637612,36.2412665243569,32.1921423788285
6491,-8.73468904454488,34.0948264227184,33.8616733805585
6492,-8.73468904454488,33.8376181132267,34.1466807373706
6493,-8.73468904454488,33.5157156894316,34.9914098058379
6494,-8.71425992748243,33.164423420918,35.1973055079337
6495,-8.71425992748243,30.1596412696599,37.2979165313571
6496,-8.73748592913005,29.2327129704027,37.2242283377466
6497,-9.90617475102397,32.2225179698584,33.775686488615
6498,-9.93522722143564,32.0545120114928,33.6554433101203
6499,-11.3091532476896,25.4182628094613,37.5114330893464
6500,-11.3673319354036,25.5134604334709,37.2779062124563
6501,-11.3673319354036,25.608025370733,37.230074733494
6502,-11.3091532476896,25.4548131557036,36.8669395088861
6503,-9.44565192026398,27.7346775571728,32.1165586235334
6504,-9.43851001925446,27.9310702581577,31.9659988665104
6505,-9.43851001925446,28.0497845076274,31.8396851085767
6506,-9.44236359263326,28.0692241242776,31.8633883581456
6507,-9.90233681275492,28.3190432675954,37.8408097373269
6508,-9.90809955244804,28.2033211649021,37.9092954941721
6509,-10.4851902760454,27.0849287608001,35.3818111412313
6510,-10.511588429224,27.0867471529844,35.3933333826789
6511,-10.6981978182609,25.8455788972671,34.8391422475693
6512,-10.7334484316398,25.6053367675586,35.6562949550207
6513,-11.6855132013888,27.0219215208918,36.0068594532497
6514,-11.7137345081341,26.9407668918588,35.9398161435684
6515,-11.7171184517723,26.8240633994502,35.9216627732879
6516,-11.7171184517723,27.0102213995735,35.8431390233867
6517,-11.2213659045842,25.6848161180736,33.3256630517036
6518,-11.2155687568668,25.8829379177475,33.3048460193519
6519,-11.2132641296598,25.8972536083314,33.3173098487671
6520,-11.2132641296598,25.8972536083314,33.3933525109062
6521,-11.4783082440488,26.6757682184288,41.7593244624767
6522,-11.4898102010041,26.468635896187,41.8652810836428
6523,-11.8450496597767,28.1963250209166,40.0843847136486
6524,-11.8544734300272,28.3669817091352,40.0676285100587
6525,-11.9004331441014,27.939814565782,36.6763476364755
6526,-11.9219676411749,28.0394880909739,36.408801905836
6527,-12.096664036592,25.9995450042276,35.4813751450455
6528,-12.1465676455894,26.2701343343901,35.1914768275653
6529,-12.996580623402,25.7611055411158,33.3467415029349
6530,-13.0071342465428,25.6023395091998,34.5388950220079
6531,-13.1867481470459,26.4828580225288,33.6103413028172
6532,-13.2160958870418,26.66797112051,32.2040526990411
6533,-13.2160958870418,26.6626057788509,32.0546095855241
6534,-13.1990774401078,26.6316694027348,32.1721129690027
6535,-13.1602659876934,27.1235177867907,31.5753662914228
6536,-13.1428067701735,27.2140787070595,31.8009481403741
6537,-12.1018146127675,26.2965802166333,34.3455698108052
6538,-12.0887982861472,26.4313718955284,34.3435303318469
6539,-11.9471273583067,26.6010866234152,33.4841801575604
6540,-11.9487797464934,26.6011806578239,33.3366094041418
6541,-11.9487797464934,27.3852524828754,33.2756664078309
6542,-11.9598334580416,27.3676221897776,33.31076384337
6543,-11.9446832064129,27.1307457021433,33.5507287366099
6544,-11.9302966816289,27.2134104937304,33.6284250448775
6545,-11.9558237306963,27.4747245418369,29.2583435643995
6546,-12.0114676189717,27.7658006618257,28.9085273842637
6547,-12.115199772022,27.2934993478379,28.3679564863241
6548,-12.1322596931533,27.3618315353105,28.3172376168667
6549,-12.4984659771931,27.7246453017253,26.5926255384007
6550,-12.4984659771931,27.7107068619763,26.7647350243587
6551,-12.4984659771931,27.7227829683963,26.9839674544779
6552,-12.4403803407411,27.4818360120577,27.2528024653135
6553,-11.975723130836,27.21502753799,30.5158403480306
6554,-11.975723130836,27.4327791588359,30.4854837673413
6555,-12.0052539156017,27.5901099179057,30.5448299573046
6556,-12.012275435081,27.3491741724218,31.0508397773637
6557,-12.6743472480476,27.378183203323,30.1262495231673
6558,-12.70401177366,27.4079243763826,30.6311751925098
6559,-12.7364098277043,26.6196275624925,30.6149001365689
6560,-12.7609209252276,26.5320386385973,30.7764681736093
6561,-12.9993882153315,25.2920870253683,40.1540291843423
6562,-13.0248584023902,25.3816890643444,41.1905483607965
6563,-15.1673135289853,29.2309238879843,30.3155736474591
6564,-15.1852729072561,29.3061032277986,29.3897972590571
6565,-15.1852729072561,29.2159182289808,33.3487713627399
6566,-15.1706349264192,29.1337722063864,33.4440089013165
6567,-14.2656298627645,42.0734648009135,21.9139183305099
6568,-14.2211453653175,42.0410809471176,22.1105886327034
6569,-12.407058510838,32.7598957352495,29.356102597954
6570,-12.4041762063415,32.5931821382648,29.3256218590411
6571,-12.2164487860782,25.7568105400294,29.6182299792194
6572,-12.2123143558983,25.6105664413919,29.6351142666463
6573,-11.9998823421828,22.5295570708274,32.8034511725661
6574,-11.9884779579407,22.3349351076904,32.8655034606353
6575,-11.9930357470252,22.3544462111023,32.8926507071287
6576,-11.9933447347316,22.3044706622551,33.0164942621797
6577,-12.2815365823159,31.3884789567955,49.4648844214252
6578,-12.2833424176255,31.3772091317208,49.5118293995278
6579,-12.2833424176255,33.5825947050239,49.4866616244264
6580,-12.2510659707817,33.1761579087303,49.6142462126037
6581,-11.3294602670617,28.4260275860127,43.2945085055255
6582,-11.3072935241464,28.6687216782772,43.3059621515943
6583,-10.4242544615407,31.6682432309553,31.4899885107848
6584,-10.4091567975454,31.9705819071577,31.462021441131
6585,-10.3819696241761,32.4525021230509,29.832923312755
6586,-10.3955084175945,32.6723637208463,29.7053616621172
6587,-10.433870992702,32.6570312840684,28.4357943399913
6588,-10.446893987745,32.5546971701524,28.3726276363569
6589,-10.9426236333921,34.9516139632774,25.5290482049094
6590,-10.9888703683381,34.021322735853,25.501237654636
6591,-11.6088812335036,31.8827535378465,26.0956283468738
6592,-11.6442099448107,31.9357150880144,25.9153935693977
6593,-11.9009809714443,29.888447016496,25.9436826051936
6594,-11.9071625285869,30.0288981345776,26.1230174699827
6595,-11.967948481628,27.1206284584615,30.306220939598
6596,-11.977860275575,27.0927572748739,30.326555790612
6597,-13.1314166812567,29.4353399315371,30.8053584962116
6598,-13.1323822192809,29.344790040406,30.8344838586582
6599,-13.1020196663587,28.9666030664741,31.2901287565693
6600,-13.0943910601751,28.8681616143761,31.3130821995799
6601,-12.0542865094305,25.8310388603389,30.2211372970895
6602,-12.0584286008675,25.964145429105,30.1957059933912
6603,-12.1046076594952,26.123584047371,29.9049800011642
6604,-12.1086157798909,26.0663472222205,29.8860520726868
6605,-12.2972733163111,26.0868529140457,31.303471031837
6606,-12.3424878136883,26.1425292101245,31.0938379209107
6607,-13.3976175678046,29.7013509504325,31.2631017221837
6608,-13.4085387138033,29.6670066928767,31.2377189992109
6609,-13.4540790288398,29.982197445544,31.0166720903394
6610,-13.473339574469,29.9617412380306,31.2035072178762
6611,-13.7542415579913,29.1114274874195,29.8975187676135
6612,-13.7534277457977,29.0470990921744,29.9819873982454
6613,-13.7534277457977,28.3569433109888,30.6443739044742
6614,-13.7534277457977,27.2944946404126,30.7897605918124
6615,-13.7208257769893,26.9140386461275,30.8518055971922
6616,-13.4212001313465,25.4395421542242,32.3591058005568
6617,-12.9171110220992,24.6838619089389,33.9534563771165
6618,-12.8506951194562,25.0156366568647,33.903106566275
6619,-12.1529867044202,24.6300107513542,30.990876844014
6620,-12.1547349232314,24.6990056134846,30.8756149688533
6621,-12.1547349232314,24.6172650378374,30.9742243197158
6622,-12.2519848476883,24.55431213118,30.9763295034906
6623,-12.750411419806,24.4695642610329,29.6495756135829
6624,-12.750411419806,24.5013408647536,29.6798019462437
6625,-12.750411419806,24.4574122340457,29.7391989209776
6626,-12.6383260490065,23.9569380557334,30.2970786526671
6627,-12.6383260490065,24.0694304149494,36.1911521580125
6628,-12.6383260490065,24.1093195698043,36.1601365144612
6629,-12.9721815801046,22.6709857157922,34.5561101858098
6630,-13.0334119285205,22.6783766012727,34.7642909219839
6631,-13.4942005645025,21.7268247865673,32.5461883197681
6632,-13.5124023350967,21.7424758332004,32.4926996274135
6633,-13.7926364880379,22.676221562795,30.2441885407775
6634,-13.7926364880379,22.6296450967655,30.2099789339394
6635,-13.7868364743112,22.596224108731,28.6853860532995
6636,-13.7671619949959,22.5294379174055,28.8625546731734
6637,-13.1480209083456,20.2421236094247,32.0042399316681
6638,-13.1044544452362,20.9858919442112,32.2625409133009
6639,-12.2439391536581,21.2228501867987,36.457773370929
6640,-12.2348664724065,21.2379704114087,36.499936005965
6641,-12.2553268492006,21.3466385470859,37.202546316602
6642,-12.2568648048052,21.3443508968761,37.2154381800888
6643,-12.7691209390963,21.0872693316128,35.9213815887577
6644,-12.8002384905927,21.0836947463477,35.7956509547673
6645,-13.3923212750853,22.5481768215965,32.5093564861186
6646,-13.3910565693249,22.5455377879588,32.0858115431257
6647,-13.374957080108,22.4717754485989,28.4765078074618
6648,-13.3496959817966,22.416295738009,28.4174083735666
6649,-13.3496959817966,22.4482518813655,28.3905413119809
6650,-13.3476382535301,22.4374325283109,28.4024115160841
6651,-13.8048455429765,24.044958273725,25.9780272600953
6652,-13.8048455429765,24.0239680445702,26.0317479118913
6653,-13.7898469427483,23.9451912388383,26.1076512845522
6654,-13.7739040843938,23.9537577683147,25.7565933633132
6655,-12.8064025218174,23.9022728307033,30.1707159208726
6656,-12.8027316644388,23.8874868169677,30.1594727156764
6657,-12.8027316644388,23.8874868169677,26.6854047256296
6658,-12.8085909686768,23.3674615790304,26.7269036064784
6659,-13.3183140158762,22.9503280226282,26.3160317836605
6660,-13.3212407285613,22.9194766044868,26.3669503763411
6661,-13.3584708214108,23.0485408149453,26.373166650332
6662,-13.3584708214108,22.9501803104185,26.4345632894344
6663,-13.3735303729323,22.5150271306237,26.7525979676346
6664,-13.4414312886414,22.8127622045819,26.3672145058362
6665,-14.006889357188,24.2293778847638,24.1121732125569
6666,-14.033402938587,24.2616679403136,24.0074472393929
6667,-14.0234676511785,24.1493103564758,24.069223498829
6668,-14.0232580988583,24.1386563538031,24.0072160682172
6669,-13.9277986580528,24.1912469989302,22.873292580239
6670,-13.4168600805095,22.0500230100298,25.2953555759161
6671,-13.4168600805095,22.0331421830934,24.0011253630961
6672,-13.4406437460235,22.8435900885709,23.7073748640079
6673,-13.8188613444605,24.600680570216,22.1768986398922
6674,-13.8284522576199,24.2113897287387,22.3632435615576
6675,-13.8284522576199,24.1979445876056,23.0779609677408
6676,-13.8275419524818,24.6173859113438,23.242218006972
6677,-13.7475211294271,25.7331615083276,23.9217662796618
6678,-13.4655967253826,24.3163882647322,25.3245414915702
6679,-12.9315729942071,23.981685694748,30.9561444988288
6680,-12.8728864775328,23.7322338050939,31.2870155234328
6681,-12.680486357026,24.2418014392487,25.3642945090745
6682,-12.6726541718283,24.2498631808462,25.3848993062169
6683,-12.5542692308796,23.6158961553928,26.0321842171188
6684,-12.5559167971166,23.5894305729409,26.1073848709389
6685,-12.5761863276655,23.6060423043598,26.1339675130837
6686,-12.5589885655411,23.4499918494025,26.2713458751257
6687,-12.3948735070719,24.2315995098431,23.2285386304009
6688,-12.3885602294556,24.2459336384871,23.1952406924746
6689,-11.8410735703273,47.2630953308059,25.5757581364944
6690,-11.8064590932002,48.533480708118,25.750408715136
6691,-11.7984852635106,51.1866065524289,32.1410999536438
6692,-11.7884965002659,51.2375989058147,32.1527056294461
6693,-11.6974075657577,51.9932892257798,38.905358687975
6694,-11.6966898533304,52.2943635174466,39.2799783412374
6695,-11.6966898533304,67.7496938709605,38.9132518962194
6696,-11.6488536738506,67.5147119054211,38.543542981044
6697,-10.322529993958,61.2116365108101,37.7559434178671
6698,-10.3216125584532,60.1859022302866,37.6650356214632
6699,-10.2896626359357,51.5217475621312,26.92611151761
6700,-10.3574824000649,51.6862884493511,26.450476002345
6701,-10.3481412097511,46.4340477880802,23.0422536693917
6702,-10.3546164099708,46.4337427425967,23.0052066626052
6703,-9.86324145700375,43.7668617503803,15.6314032925616
6704,-9.85658039998214,43.6621354972472,15.553164924338
6705,-8.52511806061824,36.7792545822197,17.1434871917044
6706,-8.52505458553671,36.8632498009405,17.0287457508617
6707,-8.52505458553671,29.7434630459102,17.0254399323501
6708,-8.57206187865894,29.8905618460672,16.9585726750997
6709,-9.4368160653367,29.398055219407,13.1857471950377
6710,-9.44358678769875,29.409896571408,17.5861294750088
6711,-9.54772490669654,26.7814447877858,18.262556554256
6712,-9.55612892994749,26.7200397889969,18.2041309519705
6713,-9.8308300406471,27.5931631163504,20.2478232399015
6714,-9.86022669729989,27.6483361480252,20.347387954949
6715,-11.3511402417593,24.5100980416007,21.7032902931077
6716,-11.3956937104927,24.7271674590398,21.5932755660344
6717,-13.8262031933759,23.7663410415421,33.3978076471305
6718,-13.8446607538808,23.7414630905191,33.7915576849353
6719,-15.5572692310113,31.9062747725794,43.6679685834173
6720,-15.5819506016155,32.0915690493035,43.5640225967718
6721,-15.5819506016155,40.430455393345,42.5341366142769
6722,-15.5789521314269,40.593755669617,42.3684233012034
6723,-13.2472332033042,42.0347177141226,42.8071321634158
6724,-13.2341671565679,42.193061315818,42.5947667361633
6725,-11.8298204146899,37.0821559753673,33.0754580019529
6726,-11.8134634376665,37.0194516859531,33.025903753213
6727,-11.753724257434,36.8496048215517,32.389556801904
6728,-11.7037585194247,36.7656508121973,32.3104715604775
6729,-11.6674996776605,34.6219127799973,30.3600778805261
6730,-11.6198671688075,34.4064978602237,30.5967581477292
6731,-11.5671384773013,31.5139138924987,23.8735618411249
6732,-11.5628521672479,31.4182474988809,23.7658136246821
6733,-11.5910646532037,34.4636589444658,23.285339348623
6734,-11.5984154166239,34.5212309573135,23.2189326468359
6735,-11.5917930799219,38.084152401789,23.2337732711437
6736,-11.5843377136089,38.2667740204835,23.1912676122613
6737,-11.2978719183089,43.2701847764419,23.1597534041401
6738,-11.2762056657377,43.1618751427686,22.9699259817375
6739,-10.0695571677051,39.2941044472383,17.619799132784
6740,-10.046880049824,39.1876078229898,17.4479091843618
6741,-9.4248521861251,35.940031500579,16.8544241316614
6742,-9.4248521861251,35.8692586654494,16.8527242251416
6743,-9.4248521861251,35.88204142455,16.8353756236765
6744,-9.46668695104516,36.0766372422048,16.6192313106882
6745,-9.64442474560703,31.4938794598281,17.1953776315502
6746,-9.68024400012542,31.593829062637,17.2174942797214
6747,-10.7076220145338,30.2263808294541,16.4376568390131
6748,-10.7341116381004,29.8313168957101,19.9210042730628
6749,-11.8220507821407,29.6005214604621,21.5175968516018
6750,-11.8292544313291,29.6634936598783,21.5461308876246
6751,-11.8292544313291,29.6634936598783,21.5461308876246
6752,-11.7647820970444,29.404248147325,21.6794398825236
6753,-11.0534296389434,28.1014083196633,20.260240023703
6754,-11.0584029725304,28.1248439339365,20.2485936837015
6755,-11.0584029725304,28.0739392445306,20.5302032644117
6756,-11.1221581232417,27.9116234411717,20.3541671408287
6757,-11.1446501913704,27.5709225069351,20.268389322524
6758,-11.1585478453838,27.4008563294044,20.1907542538165
6759,-11.5013226489194,29.0392039863426,19.9227330898697
6760,-11.4957273653346,28.9951799079405,19.895667070716
6761,-11.4957273653346,27.1223862853168,19.8996903542238
6762,-11.502462270711,27.0330471201177,19.867026965584
6763,-12.1497188210923,26.1462424591782,21.1300894970569
6764,-12.1617234966291,25.7516238937775,21.2074381099082
6765,-12.1684704990756,25.5405492058856,21.354922273402
6766,-12.1684704990756,25.5282883366468,21.3954735722786
6767,-12.1109084217327,26.9632424345791,20.4593296566154
6768,-12.0822809456739,26.993865955007,20.5609931146817
6769,-11.7717808208656,25.5937180950278,22.085560777044
6770,-11.7701753909183,25.680514307486,21.9686517584181
6771,-11.741302218803,26.6598415786245,21.8142350421946
6772,-11.7694391142444,26.9321225691758,21.4595339548715
6773,-11.7846978019643,26.6034648713023,21.2063685055989
6774,-11.8132483519339,26.7845944166118,20.9822994393163
6775,-11.8767775403297,27.0205579479107,21.5067905836105
6776,-11.9194272769919,27.0521331442058,21.2956155545807
6777,-12.9031133953695,26.0184331588565,21.6999748079634
6778,-12.9190976161942,25.7891401231,21.6281186280691
6779,-12.9190976161942,26.0688370042814,21.3091329475826
6780,-12.8926961662823,26.2098087406421,21.3872023124275
6781,-12.2171901571448,26.514928031205,22.5004023248047
6782,-12.2065341184661,26.5128276967082,22.160522853753
6783,-12.0536308589694,26.500330815454,22.0118360161853
6784,-12.0536308589694,26.4896096695301,22.0530302230782
6785,-12.0536308589694,26.2482311482992,22.3307996858399
6786,-12.0629451858569,26.1692597709371,22.3129681801178
6787,-12.6432240399375,26.5624977752178,20.9011368859472
6788,-12.6432240399375,26.4812460888282,21.4211155650495
6789,-12.6541121864536,26.356210014338,21.793923197137
6790,-12.680042901316,26.5330811237338,21.8415828925557
6791,-12.680042901316,26.0879877822233,22.4388390313109
6792,-12.7187900981578,26.2168103225241,22.5030454323584
6793,-14.1708319007723,27.5268600246074,15.2511745019336
6794,-14.2083615771235,27.3165625543474,23.7940930184985
6795,-14.2620838565556,27.5956004064461,26.8502959088051
6796,-14.2620838565556,27.484860571626,26.9121357809117
6797,-14.4029435457531,26.9674377212663,26.1335589919152
6798,-14.3991137052855,26.9711356561245,26.1253392694119
6799,-14.3991137052855,27.7971937567767,32.3637189986749
6800,-14.4085023357525,27.8256037937193,32.3584280599169
6801,-15.9262073421251,36.563817907279,40.7847834978871
6802,-15.937319406292,37.1327685424063,41.2619101121679
6803,-17.0765912138216,104.97200837196,65.4811997737094
6804,-17.153353810176,105.295198859641,67.5367979987351
6805,-17.153353810176,109.911972729693,67.5588701015534
6806,-17.0765912138216,110.060461241486,67.94538472108
6807,-14.1545478808938,99.0365769724101,52.6293549667109
6808,-14.0153623981899,98.2743096779754,53.1726059543558
6809,-13.3174720577008,70.3611724562154,49.5782287424497
6810,-13.3047506905456,70.1580353727721,49.4900266042576
6811,-12.5415322861449,61.1603243216424,43.2226230906032
6812,-12.5145703603543,61.0140338287537,43.2186079205991
6813,-11.1023080318633,46.3243364061802,26.6108516589921
6814,-11.0971613003824,46.4622769839762,25.8478230784384
6815,-10.7382628679507,34.7453912975802,26.8893108319901
6816,-10.7219017948096,34.6171837625148,27.2906779033636
6817,-10.7219017948096,30.6356617762979,29.2736513391718
6818,-10.7382628679507,30.3613923342435,29.6433855889575
6819,-12.0119152241007,33.1257450680169,28.3260382489943
6820,-12.0134180574834,32.8030983018761,28.4643334304203
6821,-12.0134180574834,32.613056184433,28.7030572642412
6822,-12.0066300235738,32.7754602361264,28.624930313275
6823,-11.0955507731589,34.8077067377106,26.0429845923221
6824,-11.062662124085,34.6795693034321,26.140771469517
6825,-9.56419452415443,30.8349591356141,24.7456431520497
6826,-9.54099168679215,31.0522278094218,24.3929106808924
6827,-9.36442541821096,30.4507738836082,25.2198503631897
6828,-9.35939192509732,30.5247651593085,25.2175006969571
6829,-9.34955388223069,27.0726716306507,26.1206712640681
6830,-9.37184037776909,26.8725161392613,26.1784732631614
6831,-10.6193692953234,24.703871214501,25.406233003884
6832,-10.6404879299714,23.9993684230931,25.9633729313114
6833,-10.6404879299714,23.8398403823958,25.9990835753827
6834,-10.6404879299714,23.8293034928664,26.0198061247906
6835,-10.4125242096627,22.764786111394,26.5998615612409
6836,-10.3832169055193,23.4261326671318,26.0022618561847
6837,-10.3832169055193,23.4028540988116,26.0163174985835
6838,-10.3832169055193,23.4047815473988,26.0526978539436
6839,-11.1200948345234,24.6964441623704,26.8235455822285
6840,-11.1318956745173,23.6452522363111,26.8867478343834
6841,-11.7915645655779,23.785794825674,25.5391278075514
6842,-11.8810458324352,23.956041705991,25.3765954854482
6843,-11.9319669725813,22.9373730221121,28.4670353725306
6844,-11.9319669725813,22.8282756346863,28.747333567891
6845,-11.9319669725813,22.8286178023372,30.2335089828149
6846,-11.9134348608589,22.7560406980895,31.3787487693972
6847,-11.5386040616119,24.2003187771478,33.3303359456492
6848,-11.5324498303698,24.2882314606566,33.3322393616735
6849,-11.2839254524869,23.1584342178207,34.539578506677
6850,-11.2515179566708,22.9080858237462,34.6279387281962
6851,-11.2515179566708,22.7690080723414,34.5344263235929
6852,-11.286390044805,22.9096114470299,34.379475658645
6853,-11.7999949895036,23.0489375461337,31.7189530552633
6854,-11.8749650939157,23.0772269158854,31.3755430575518
6855,-11.9989042505238,21.7286650408391,29.9796571069807
6856,-12.0685537733139,21.8566947564453,29.6178240958048
6857,-12.3242359897666,22.4262620508884,28.3133988329124
6858,-12.3311104931127,22.2383730446471,29.1141776397655
6859,-12.615298315471,20.6398625850863,30.0697720254831
6860,-12.6523738429202,20.598434289107,29.9590783037569
6861,-12.6545800058173,20.6869707130866,29.8721698083363
6862,-12.6523738429202,20.7560619061959,29.7936826342956
6863,-12.5488740882556,23.2917056373234,30.6802283031889
6864,-12.5228330219717,23.1779142115582,31.2669757725496
6865,-12.5228330219717,23.3709367808681,32.5438399383207
6866,-12.5436572019265,23.3176545419533,32.4966682802102
6867,-13.0460493547757,25.5035478427529,30.1199716213755
6868,-13.0460493547757,25.5284385611886,30.2371651692564
6869,-13.0460493547757,25.4690214285781,30.3768184711791
6870,-13.0236277821498,25.3982063061494,30.4981092598973
6871,-12.8878199362902,24.8210743490397,31.0184207216949
6872,-12.8216356437817,24.4856192802023,31.2152940854101
6873,-12.5181753416076,23.0473486666352,32.6391682003261
6874,-12.5212565952251,23.0820785322894,32.3601446692064
6875,-12.523435095978,22.4627299573211,32.3693362926224
6876,-12.5577159144192,22.3775289447043,32.5895705888264
6877,-14.1062907755021,25.5720774170764,28.357752774374
6878,-14.1195220555454,25.6335591071036,28.4951538293933
6879,-14.1195220555454,25.6308667380432,28.4977787375334
6880,-14.1165299067882,25.6541208741839,28.4913942340651
6881,-13.8702425572845,24.8259861287559,30.1837810520336
6882,-13.8702425572845,24.8346964721094,30.1920494817772
6883,-13.9075492432822,24.8819874804985,44.8577553526361
6884,-13.9235165969434,24.8468676801569,45.7872684410551
6885,-16.0031979459502,31.5620931790218,51.4417825458366
6886,-16.035383049698,31.7070140150898,51.3224532412008
6887,-16.035383049698,31.2520710500899,51.3224532412008
6888,-16.0173795190181,31.1752004935961,51.3891637984271
6889,-15.0180592315588,58.845642355545,54.5111035726755
6890,-14.9979526704717,58.7778186237768,53.6816755218492
6891,-13.8203336791858,57.1873180269039,43.8836917834081
6892,-13.8074894326954,57.3726657942243,43.2594218377099
6893,-11.9244979041433,48.0918149185648,47.4980420140865
6894,-11.9145172756785,47.7232293264324,47.4466758266093
6895,-11.5176164949652,45.4100059738905,31.1255061635823
6896,-11.5124643375198,45.3395966568122,30.793129984395
6897,-11.5124643375198,40.5277841222404,30.7937675201175
6898,-11.5128850007936,40.4999497703272,30.9964906554648
6899,-11.8859369966814,29.3800360543151,37.6179448373222
6900,-11.9041207789648,29.0146268196356,37.5865951917428
6901,-12.6359977896949,32.8166036240666,36.3671361839464
6902,-12.6633962218515,32.9656934691952,36.309554809338
6903,-12.6633962218515,32.986188102067,36.8443850748025
6904,-12.6558298993291,32.9538815409196,37.6481631075413
6905,-12.4852317828439,32.481974642764,38.9245973067215
6906,-12.4236936131677,32.1589284836431,38.3992386225783
6907,-11.8010043467862,28.6509662802415,36.1596397293081
6908,-11.7947841160208,28.7352816584081,36.1828176496894
6909,-11.7763644086547,28.4702237663685,36.2277492264307
6910,-11.77924009867,28.2858982308925,36.1586380737417
6911,-11.7701988513433,28.2175051003485,36.1338015932659
6912,-11.7701988513433,28.3411961458363,36.1047266272881
6913,-11.8968282598862,28.8677746176502,35.5331543109818
6914,-11.8938171493546,28.8102664978048,35.5750500828309
6915,-11.9006824734474,28.0224965192248,37.7417975697739
6916,-11.9208865853495,27.6973145008028,37.6366526936155
6917,-12.8356461961585,28.9788803225034,37.6786110668163
6918,-12.9661188666817,29.1713862596394,37.1540291585885
6919,-13.1528769833295,29.0566742601816,36.5062534098041
6920,-13.1754031612372,28.5502558977843,36.37810108014
6921,-13.8065763459477,31.0563756649257,32.9859225640009
6922,-13.8434393623504,30.9783968358339,32.7857676491208
6923,-13.8434393623504,30.9783968358339,30.617791299984
6924,-13.8417204271382,31.2686744000298,30.4691235243097
6925,-12.7598936533768,28.748893240841,33.9745848860831
6926,-12.6901644827475,28.6373930288682,34.1687703877376
6927,-12.6901644827475,28.6373930288682,34.1687703877376
6928,-12.6901644827475,28.6231975376664,34.1776896452617
6929,-13.3252598137747,29.4737223927815,34.5398571949792
6930,-13.6540842872117,30.9235656767039,33.1242372443353
6931,-13.8875472518695,31.0023920957932,35.3321590711062
6932,-13.9156130226902,30.3016905370192,35.2058138090816
6933,-14.0268871191585,30.2734895149949,34.8498520465828
6934,-14.1042246764877,30.6160265074031,34.316213499779
6935,-14.4563329818197,28.8453656102243,30.597080304472
6936,-14.4765563072625,28.7246732377701,30.6209117439962
6937,-14.5561536061307,28.494071619893,30.292323875526
6938,-14.5567461948094,28.4869688386817,30.3610107461561
6939,-14.5567461948094,28.394511746879,30.3556935585117
6940,-14.5479731912061,28.4334125026937,30.412011793989
6941,-14.4924146510228,28.3423564473944,30.313148746026
6942,-14.4724191979793,28.2434624641687,30.8994976653158
6943,-14.2981089436436,28.8014889793473,31.7087996727395
6944,-14.2669869510378,29.0508011842499,31.3298186410601
6945,-14.1587732453756,31.3970218822262,30.8732916599942
6946,-14.102755818132,31.5646702213321,31.0222331698687
6947,-13.9227258916732,30.7052888299626,31.9077124796308
6948,-13.88243509486,30.5730661408556,31.9094627281662
6949,-13.0483362003032,27.3391295874145,36.1918454135024
6950,-12.9761242536061,27.1113142477799,36.5375661309703
6951,-12.9761242536061,27.1113142477799,36.6583151895628
6952,-13.0300534584164,27.3438190755184,36.7016458712691
6953,-14.7828120836948,28.2349230412212,30.3803730162215
6954,-14.8660382027986,28.530905932274,30.0784599484187
6955,-14.8660382027986,28.4523250301299,30.1649962990265
6956,-14.864633546722,28.4425939818677,30.1847609192238
6957,-14.3604615081957,26.8245021746442,32.6514045080316
6958,-14.3454795325007,26.8934523735568,32.6077832223877
6959,-13.9156729045398,29.6187323569666,29.8046261197042
6960,-13.9003551968405,29.580820852927,29.7777510954977
6961,-13.1231622158608,27.0577026685386,33.7467830862888
6962,-13.0636966841107,26.7046057540864,34.2429545189094
6963,-13.0622846932005,26.6970453733955,34.8654558654403
6964,-13.1253209520311,26.9054349634653,34.6691209785976
6965,-13.8274680698804,25.0805242471282,32.3152774604803
6966,-13.840094032072,25.0300250591937,32.50230479134
6967,-15.1555760840859,31.5432470532234,55.2142062638517
6968,-15.1707610935762,31.5532871018458,55.2168000144117
6969,-15.4144296380607,35.4556294701385,60.5886635008174
6970,-15.4151852927647,35.7759542957877,60.5839805875044
6971,-15.2535993157826,38.5575539119679,61.3445384670054
6972,-15.2252754737849,38.8428946685724,61.1120422658403
6973,-14.3141555238668,40.5793989644009,60.4843424023683
6974,-14.3022888331459,40.6660404166288,58.3266671688297
6975,-12.5222628918178,38.914802305456,52.0733845552905
6976,-12.5187406656369,38.896878739519,51.9983518762362
6977,-12.5106814288756,38.8820591524546,51.7948386426829
6978,-11.744253603267,43.8622124816086,46.0604527464507
6979,-11.695174601876,43.5850835065165,46.2936261924611
6980,-11.6939004941245,43.5716665021275,45.9242566270007
6981,-11.7255150846268,41.7638135803629,45.822641904612
6982,-11.6742773316616,28.6186674036912,45.0172014537475
6983,-11.6689320458255,28.4529950757755,45.0230856548284
6984,-11.6267809093523,28.6067146158679,38.6752576898532
6985,-11.584799066981,28.5462669392186,38.2149425600994
6986,-11.146414940875,26.5744132966592,28.5526492808907
6987,-11.1441422634475,26.4519439808784,28.567346083068
6988,-11.1441422634475,23.3376518579441,28.5650977344
6989,-11.2365669035852,23.3897865766965,28.7542358954164
6990,-11.985933394005,24.1659813150198,25.8225210557221
6991,-12.0082247830413,24.0204192937911,26.0365259446042
6992,-13.934403480194,28.5609118361825,22.5068671720097
6993,-13.9496651374761,27.3992852388856,22.503793118718
6994,-13.9496651374761,26.9986989668043,23.6338520452444
6995,-13.9362468306441,28.1213202218006,23.4863422510976
6996,-12.6024061061406,26.5971275535942,30.1757306096469
6997,-12.5959955850634,27.9176925469583,30.0240186607212
6998,-11.3860779396746,27.5775420797198,24.3220158433649
6999,-11.3853763542362,27.7642387177664,24.3140437770724
7000,-11.3853763542362,27.7627098320716,24.4091849677887
7001,-11.3709390182213,27.6039376143847,24.5054896176957
7002,-11.7997871251937,27.4138274845508,24.9059423303466
7003,-11.8002841167082,26.2993345475859,25.0606218337637
7004,-12.5560231987029,26.8402415764686,23.0086731627662
7005,-12.722969344001,27.5560001379891,22.2044893523889
7006,-12.6771146971146,25.8762701200723,24.5359293467474
7007,-12.676961198085,25.8976824865788,24.5226733212617
7008,-12.5779444762674,25.5186747341179,24.8985038097701
7009,-12.4918742725823,25.4556531325591,25.2584389405591
7010,-12.5111499474378,25.2699621742071,29.8917163781662
7011,-12.6045930206811,25.7342102783271,29.4029296725907
7012,-13.6385840896535,29.3630117850856,26.730140148154
7013,-13.6385840896535,28.9856696665212,26.8993307814858
7014,-13.6385840896535,28.9361282826608,26.9527775012296
7015,-13.6209892773027,29.1378716497487,27.1996531754565
7016,-13.2719768952667,27.5126225295371,29.0615523274254
7017,-13.266272317689,27.2351497415639,29.1882082858591
7018,-13.266272317689,24.4838293833408,29.5493850289005
7019,-13.2765796312239,24.4186601219043,29.6369409803371
7020,-13.8262552628824,26.4383603870568,25.4135614088183
7021,-13.8932343453271,26.3676800636688,25.0000122103556
7022,-13.9097470446968,26.5164243776135,24.5886444091322
7023,-13.9136346642506,26.5363225960389,24.4345277544579
7024,-13.9331006096233,26.8339736346397,24.1172091553633
7025,-13.9453991826339,26.8040567610994,24.0240623452265
7026,-13.9784924989169,26.5279860972845,24.2828018328882
7027,-13.9890663815413,26.4614113798017,24.1916878371307
7028,-14.1598488983452,27.076252181689,23.1036030834363
7029,-14.1708443169268,27.167097104585,22.9543452833186
7030,-14.1268088334207,26.9501449007359,22.8165180920852
7031,-14.1214684612599,26.9942243863943,22.8643498462161
7032,-13.6846684003993,25.8389051970284,22.8216934592992
7033,-13.6420340773897,26.0640271398301,23.0312071945538
7034,-13.1465726936926,26.7867799159478,27.6547380246068
7035,-13.0510002491554,26.6254164786831,28.1438136146079
7036,-13.0510002491554,26.6636519327707,28.1036363710345
7037,-13.0510002491554,26.6719145700023,28.2775104678648
7038,-13.3568020086294,24.6177126664326,27.0449340553771
7039,-13.3823558695681,24.7930658754972,26.8972550433163
7040,-14.2669227150489,26.4438540484303,23.805944199248
7041,-14.3142480155455,26.706801220326,23.5469854432862
7042,-14.3440115720394,26.7725505977218,23.5479921208691
7043,-14.3704995992226,26.6612547514358,23.5342902926941
7044,-14.512910099638,26.86176789949,23.0437296892033
7045,-14.5653482754081,26.928485955824,23.0496514274795
7046,-14.5653482754081,26.9270233672364,22.6600092197814
7047,-14.5178822765027,26.6939248942733,22.9281988778627
7048,-14.5027588983474,27.3450652017183,22.9035710855027
7049,-14.4572796875853,27.0928503636857,22.5574263982604
7050,-14.4611390400211,27.0135439018937,22.5356335624875
7051,-14.5087010888185,27.2675613871748,22.8221401542215
7052,-14.7636810536777,21.5670777703803,49.5847092320855
7053,-14.8172551459665,21.4206234529463,49.4407568931349
7054,-15.7739870934259,26.2954870252642,46.0284015267631
7055,-15.7951151937462,26.7186955935825,45.9940383188031
7056,-15.7951151937462,30.3585819186277,45.5175500836195
7057,-15.7739870934259,30.3595144040483,45.5428308526691
7058,-14.8595139946387,56.3021744678031,38.4152574986897
7059,-14.8235963430189,56.4210249855815,38.4298471469123
7060,-14.1591158417637,53.3421012445806,34.5599367097912
7061,-14.1517131266145,53.4801546387255,34.2455844928795
7062,-11.975259049749,43.9753379342905,29.247154323304
7063,-11.9583920511916,44.1978952902207,29.2776905916581
7064,-11.3895637963228,41.818724601124,24.5967347820346
7065,-11.3506791079793,41.6339828007497,24.9467748455673
7066,-11.3393335542344,37.6549371721295,25.0206076511623
7067,-11.3724694927098,37.8278747410154,24.8654219654307
7068,-11.6620452902338,30.1981880296756,23.8931421032972
7069,-11.6570264094302,29.1624047505373,24.1257437048727
7070,-11.7428535259498,27.9655595845581,23.3548502926824
7071,-11.761285916228,27.8529962639676,23.2570751478938
7072,-11.761285916228,27.3657845241533,23.4465223687641
7073,-11.7633194562511,27.3938581598714,23.3853408913592
7074,-11.7715051409569,27.5505363557502,23.1778168177669
7075,-11.7715051409569,27.5480526583576,23.3374145085586
7076,-11.9799248598918,27.4348991241832,23.5278112430727
7077,-11.9954848509913,27.4386776464334,23.5123541069426
7078,-12.1577197085968,26.3656227618682,22.9890493803216
7079,-12.1577197085968,26.034169350187,23.0920085173831
7080,-12.1510570181004,25.4979119736172,23.1347732136606
7081,-12.1491933435088,25.4398664774192,23.1084882883407
7082,-12.1418926695486,25.4533313576297,24.7157720658895
7083,-12.1221756616839,25.3371980399681,24.6902140141692
7084,-12.1221756616839,26.473296804541,24.5222255493104
7085,-12.1010553727007,26.6250232088447,24.381981628409
7086,-12.1135746600929,26.7504576745505,24.248744925956
7087,-12.1145902802869,26.589451297965,24.2257238754113
7088,-12.1399801541015,25.8746481994423,25.4320761472294
7089,-12.2137168218838,26.110786039663,25.3874980253081
7090,-13.5526846638446,29.4898555348889,23.1212196236308
7091,-13.5613561810136,29.2596598789979,23.1709495941622
7092,-13.7199779921989,27.9446774146771,23.9004813759603
7093,-13.7869535745187,28.192015580057,23.7601320213973
7094,-13.837857320278,27.5821076438327,23.3200527340968
7095,-13.8394560398247,27.5685691292801,23.3883460841919
7096,-13.0758731195846,23.6247294637055,27.1763617423189
7097,-12.9453379702768,23.8019276869301,27.8241617364002
7098,-12.1251313691602,26.1067153216343,22.8679087382278
7099,-12.1152669368924,26.0794029771258,22.8688879667743
7100,-12.1152669368924,26.0905286013696,27.4608951725075
7101,-12.1251313691602,25.7489085596409,27.5190034489542
7102,-12.9960730882651,26.3088360746251,24.4501264791161
7103,-13.0024850242643,25.9727264769006,24.549624320619
7104,-13.7072286559679,28.5896268329375,23.9905559474018
7105,-13.7347319134395,28.6887576366931,24.207547834511
7106,-13.8086222810233,25.5717950806801,24.0448407411275
7107,-13.8231662059389,25.6939179626577,23.9378903028492
7108,-13.8238021917367,25.5157531233563,23.8174991025959
7109,-13.812865304849,25.3696826035561,23.8330361103192
7110,-13.6996800960452,24.8376352828496,21.4057557216928
7111,-13.6300739383337,24.5047002508287,21.1502200269167
7112,-13.1949961956378,22.4823613159769,23.3021556137713
7113,-13.1869041060209,22.5705901196994,23.3095034402433
7114,-13.1562621953762,22.5162710619109,22.0631033385466
7115,-13.1401089944632,22.5256200396189,22.1408367119384
7116,-12.4758678473842,22.685023012344,23.7845824447676
7117,-12.4758678473842,22.7282776989422,23.74995086913
7118,-12.4942724179386,22.8606498898945,24.0966232933808
7119,-12.5461072119877,23.0786283882971,24.7972462316978
7120,-12.5972132366616,23.6839806579222,25.0335044798057
7121,-12.5972132366616,23.7311664228147,25.053263825712
7122,-12.5844884570179,24.0570603198792,24.9519951030295
7123,-12.5569764676827,24.0193371565547,24.9752315763097
7124,-12.3523807815939,23.280563263182,19.8049676104007
7125,-12.3452761245528,23.2485345853123,19.8448982973271
7126,-12.3452761245528,21.4372378150633,20.1905152081215
7127,-12.3505988680557,21.1453329126462,20.2132287253053
7128,-12.9256640149278,20.3157089139148,18.1256535898024
7129,-12.9284211654702,20.3186762338716,18.148933848059
7130,-12.9503583334277,20.4318581126643,18.100535486961
7131,-12.9476531775895,20.4853873862552,18.0440260185976
7132,-12.6646240328893,19.6290652478504,19.0995734065082
7133,-12.6563989542499,19.7506788569108,19.0744996576256
7134,-12.5603951976818,20.6392088388696,19.3199042257262
7135,-12.4956138975564,20.3650140745879,19.4777597168207
7136,-12.1183871141654,22.2557918193546,19.9976880796015
7137,-12.1002864416017,22.4590147762985,19.8788529351825
7138,-12.0320451107037,22.119060305069,19.7624339195374
7139,-12.0320451107037,21.9317803097175,19.7770004643548
7140,-12.0320451107037,21.8556261285347,19.8774866162146
7141,-12.1118413294416,22.2171407174392,19.5007581310989
7142,-12.4744714231203,19.9872355446192,18.8996888435551
7143,-12.4885177905895,19.9760494209031,18.9122361833152
7144,-12.8709807702763,21.3611449336122,17.7260633341262
7145,-12.8804092401461,20.7681826672993,17.7394411451755
7146,-14.1354189221824,23.6870964066421,12.9081935889241
7147,-14.1634782126329,23.7980582393144,13.1066814198814
7148,-14.1786618410851,23.8284596937973,13.0482877903355
7149,-14.1646396070712,23.7579647245721,12.8049648133399
7150,-12.8491145773081,19.781364395264,17.842245866585
7151,-12.8174565104409,19.6528832799152,17.9788112613951
7152,-12.7090423559059,19.2449655074154,18.585808742968
7153,-12.7048165189181,19.3407691549439,18.6591753123908
7154,-12.6953512701903,19.3552297684794,19.1553719473306
7155,-12.6953512701903,19.3020545180127,19.2663787960047
7156,-12.6953512701903,19.5865663409131,19.2774123906955
7157,-12.6866787540373,19.8099018908264,19.3028141839476
7158,-12.5680346544563,19.7634759200505,19.8968027890553
7159,-12.5680346544563,19.7708173960954,19.8880802167245
7160,-12.5609728876075,19.7841192425235,19.802866459392
7161,-12.687119789802,20.3504861059904,19.0013950025556
7162,-12.7338041442132,19.8572334148548,18.9372990775848
7163,-12.7683902544578,19.9461010537203,18.8986948784367
7164,-12.8611263870526,20.1730244347511,19.4435802729331
7165,-12.9492055900362,20.3853197947508,18.9734645585459
7166,-13.0269988501961,20.5463979865711,19.0595732116179
7167,-14.4356533321806,25.6985766262034,15.6533156019152
7168,-14.6299961344378,26.707934666438,19.9445343453038
7169,-14.6299961344378,26.27710848995,19.9423207126247
7170,-14.6835249498162,26.958169642165,19.7409472660828
7171,-14.6901143782547,26.9687874255804,19.7058687148824
7172,-14.6558233190467,26.1068240163412,20.2498017256542
7173,-14.6578349010655,25.8931288926439,20.6560891930108
7174,-14.65102540944,26.8630809851198,26.0444992100221
7175,-14.5926105786896,26.5865586691573,26.3600995070254
7176,-14.2124781164248,23.4396330235023,30.6768959549557
7177,-14.2124781164248,23.6606001690791,30.7415866678955
7178,-14.2124781164248,23.6649694136697,31.068886348923
7179,-14.2624533016742,23.7072449376261,30.939362434032
7180,-14.5547955238623,24.8760108357475,29.2659186276654
7181,-14.5547955238623,24.8715491543478,29.0732600717261
7182,-14.5547955238623,24.8764980066401,26.9531630221478
7183,-14.5347577931048,24.9351080643282,26.7984915627132
7184,-14.3677161919931,24.7658259381083,19.0992066231315
7185,-14.3625111472989,24.837945707021,19.2969687859255
7186,-14.0860855563914,24.0144667511215,20.7777429655092
7187,-14.0860855563914,24.0116615433996,20.529526761379
7188,-14.0860855563914,24.0073125002219,17.6311568648686
7189,-14.0243206105304,23.7850558913088,17.9405261235698
7190,-13.9804847044014,24.6029302251281,17.9021522040658
7191,-13.9599725732295,24.4886267765468,18.3202179196851
7192,-13.9599725732295,24.4276014287633,18.7312876597305
7193,-13.9667754777372,24.3707071652661,18.8213563373696
7194,-14.043212062742,24.7182519783824,18.7419202298529
7195,-14.056506870034,24.7089982186178,18.6425789302789
7196,-14.1179812767155,24.8151767961045,18.2166299733804
7197,-14.1695377568019,25.0728038798832,17.7634796010125
7198,-14.2258797801537,33.9525272992271,18.2323366895253
7199,-14.282819409559,34.4390559469764,18.0754066859871
7200,-14.9392930048673,32.614131277301,28.9627408215055
7201,-14.9969333927615,32.1455320231488,28.8737648922075
7202,-15.4986415961862,85.5192837811209,31.4023604203848
7203,-15.5873382927301,87.9622595586307,31.1197923772466
7204,-16.3807809921988,131.635277284666,51.467611233433
7205,-16.4336079228046,132.087827864563,51.6080058451727
7206,-16.5112244926455,132.965285479005,52.0085479389259
7207,-16.4867779983754,132.723910173555,52.2804594669797
7208,-15.46680164131,124.116676088099,41.2999087823608
7209,-15.4538180232748,123.193970668797,41.2355370851924
7210,-14.9568326658307,86.564786352787,43.4351705242355
7211,-14.9459706676033,84.6933717432028,43.3724497448711
7212,-14.7028494514562,84.2905210707682,34.7109973808891
7213,-14.4910317103695,82.5675338569259,35.6952296167319
7214,-12.2452488963273,71.5475881643851,44.1361352457851
7215,-12.2349065420607,71.5258746634643,44.0566816059928
7216,-10.3483068286486,53.7934658404022,38.860885832882
7217,-10.3355782312223,53.8449119413121,38.1258485525748
7218,-10.3355782312223,53.2767905381213,36.2115912223281
7219,-10.3371938998726,51.9194522710888,36.1972138175922
7220,-11.4278871431375,42.7627675472402,29.0848816667101
7221,-11.4323249197371,42.2999536709687,28.8102821327495
7222,-11.4128309422468,42.1018465127766,24.6255056076881
7223,-11.3934988495909,42.0146686584902,24.6589678228052
7224,-8.93678190016593,35.8598364356924,25.6169797129851
7225,-8.9077335135518,35.7108538122078,25.8146584156254
7226,-8.67610186746826,57.0228908970222,28.2806323661687
7227,-8.54926193586453,56.3332203781547,29.0298499390924
7228,-8.57951556084854,56.3728126546683,39.0723196783289
7229,-8.72992886909768,55.4031453912451,38.3144943421565
7230,-8.72992886909768,44.9633908836503,38.3691518845108
7231,-8.60143774898907,44.2052139289826,37.1835264162894
7232,-7.09777505789418,36.4663827899496,23.1190732126067
7233,-7.06417364963785,36.3830697830455,22.9696487451929
7234,-7.06417364963785,35.2750959627915,22.4397684587402
7235,-7.07269212823359,34.7830647965912,22.5375396525316
7236,-8.19415971661366,26.1100880787887,18.5660800357884
7237,-8.20406423384583,25.7675329087996,18.6354659870922
7238,-9.54926457451018,28.140631809963,15.7144483724309
7239,-9.5624230188613,28.0729817598579,15.6475573635024
7240,-9.57217190354215,28.1353342179988,15.9127285472177
7241,-9.59763440579532,28.281960271311,16.3949107098215
7242,-9.89427413899754,27.0669618022102,16.7434957253878
7243,-9.9357584022798,27.0803339157994,16.4590238884187
7244,-10.2387608968505,27.1316780773069,16.0345549846601
7245,-10.2563404303359,26.1410946916699,16.0280912398916
7246,-10.2805364192915,25.7915434464246,16.4819690716439
7247,-10.3176481466987,25.0160556645306,16.3061375349617
7248,-10.7921817856216,25.8782793944498,21.2568646606348
7249,-10.7932371952761,25.8798832583594,21.2468156413676
7250,-10.8663210114621,25.5537754241985,22.9543470465963
7251,-10.8670384499819,25.6067877322454,23.0455041815258
7252,-10.8670384499819,25.6122245749156,23.0448255141788
7253,-10.8660912658949,25.6626669132054,23.0071393622539
7254,-10.4539540183482,25.1676613626482,24.302620607725
7255,-10.3245804671445,25.0093907817706,24.980745460045
7256,-10.3245804671445,25.0102593023957,24.9798122651427
7257,-10.3245804671445,24.9901190330312,25.0080932097295
7258,-10.8440095828944,23.8554665511323,25.7521827882225
7259,-10.8986994234689,23.7818415105918,25.6575105639858
7260,-11.6106947707919,25.2265708237615,22.4426442213867
7261,-11.6317359682793,25.2035360396063,22.2692455975256
7262,-11.6317359682793,25.2320531896572,22.2542323342707
7263,-11.6311015054186,25.4533228848393,21.9656881156241
7264,-10.5527814985811,24.2492837917071,17.6840693439625
7265,-10.5251337849403,24.8377804075119,17.6820860772226
7266,-9.70276346001383,26.2411942050566,18.8210307303666
7267,-9.69492322020699,26.2658242965241,18.8413750877913
7268,-9.7057597425979,26.3246432965004,18.8654031246562
7269,-9.70878835578205,26.2870881695359,19.0052754826622
7270,-10.2286408207396,27.1700569409013,20.6655947851447
7271,-10.2437983305969,26.8374850233149,20.8110776155948
7272,-10.9009883137545,24.2073356131074,22.0284392645076
7273,-10.9226508332193,24.3256719448568,21.9158220524497
7274,-10.9226508332193,24.4013895831918,23.9637732847438
7275,-10.9009883137545,24.5097860033983,23.4785300068451
7276,-10.417295798144,23.1315561081216,23.7419020444605
7277,-10.4121784434654,23.1284728488519,23.7133088363625
7278,-10.4121784434654,22.9254877124891,23.6509706753374
7279,-10.4246051797013,22.9840350600604,23.5935232087406
7280,-11.5182194947138,25.9268433335464,23.851781804153
7281,-11.5385230666183,24.7414826669582,23.8671233727252
7282,-11.7084726444096,25.6045888397921,22.9827358103633
7283,-11.728198245342,25.8524894794304,22.893981390161
7284,-11.7065575041032,25.7150268846671,21.3032233296601
7285,-11.6865993322389,25.7224648520657,20.8069010419463
7286,-11.6865993322389,25.5868627864592,20.7907547070387
7287,-11.7156116835402,25.7057598238539,20.6334951135039
7288,-12.2150155083892,21.6574303214018,66.983159624882
7289,-12.2497040334766,21.4903282699025,66.8273981444334
7290,-14.5732975344554,29.2789893867942,56.2597039540588
7291,-14.6141909863276,28.9749347817149,56.0295082555561
7292,-14.6141909863276,28.9246219281716,55.6701305437828
7293,-14.6092398699673,29.3358445155146,55.6839685121045
7294,-13.3703933975308,48.8952451090668,56.5554557165742
7295,-13.2710360663457,48.4622257037809,56.8531248002356
7296,-11.9139463948873,46.9835743045293,42.7590299923996
7297,-11.8852666861916,46.9496482966931,42.8029527877023
7298,-10.5904754784927,40.6759346855967,43.5195686617161
7299,-10.5419636498674,40.4570544212915,43.3074274966872
7300,-9.7324950168188,36.3603614127097,26.5506489799364
7301,-9.72393104817228,36.3632509135591,26.4458807075785
7302,-9.72393104817228,36.4020297591364,26.4236566039278
7303,-9.72393104817228,36.2160547119074,26.4372731726547
7304,-9.78137609445955,31.7067171735885,32.1797753115729
7305,-9.78975257877229,31.6952492977543,32.1470763446472
7306,-11.339872250786,31.8946558581586,38.3667238093172
7307,-11.3576676281989,31.781579044002,38.7979384742285
7308,-11.359283210794,31.6285884564812,38.885092560769
7309,-11.3450824749444,31.443469607048,39.0368241833009
7310,-10.9297558782538,34.672571723996,23.7985441610355
7311,-10.9258197822392,36.0988052072087,23.7910073571739
7312,-7.77569513448299,33.6905607937344,24.8354312972717
7313,-7.76367472403598,33.9023620220191,24.7380012576171
7314,-7.76367472403598,33.9011546563625,25.4581989451414
7315,-7.76771099333999,33.8897522821664,25.5352566921544
7316,-9.21479039676731,38.7356930145953,36.7152134322917
7317,-9.24090690264468,38.8200113328481,36.6188511223759
7318,-10.0435243522638,34.7345326736645,33.4518297814916
7319,-10.041911429029,34.6312044637398,33.4491054162381
7320,-10.0186761576135,32.8794426960308,33.4055614777298
7321,-9.90750657644062,32.078785452764,33.7597837699051
7322,-9.90750657644062,31.9179936350655,33.6113759964954
7323,-9.90750657644062,31.7518710599153,33.5567337901434
7324,-11.7912329529741,28.3164388456752,26.6546778150267
7325,-11.8192638377836,28.4093721082775,26.6220188081856
7326,-11.8192638377836,28.2758846262592,25.643082287114
7327,-11.7912329529741,28.1650280854853,25.7937739995525
7328,-11.3302671264002,28.8908677648697,30.9552714610307
7329,-11.315244468995,28.8741439853637,30.9899154369307
7330,-11.315244468995,29.0847448639812,31.0100383626132
7331,-11.3292917606622,29.1138543264379,31.1488621590866
7332,-11.3645496388794,26.1248964554086,36.4851058248297
7333,-11.4679141324127,26.6686886291848,36.1207699203027
7334,-11.5157995101647,26.905256470061,35.9424296103836
7335,-11.54018844487,27.0091211789753,35.647108248295
7336,-11.5643952142786,26.6401074980768,35.1704062914819
7337,-11.6328257811032,26.9765201521963,34.8631904035211
7338,-11.9522768673028,28.3026455363032,33.6184911155076
7339,-11.9604815213275,28.2842694988366,34.5209533588636
7340,-12.1396027095325,28.0913839618438,33.6276612274947
7341,-12.1398907104911,27.7742846553639,33.629171724788
7342,-12.1681323401815,27.8122808386529,34.1674118834362
7343,-12.1698603982506,27.752567771315,34.172256368091
7344,-12.1784587962129,27.7982832297236,34.1533469229159
7345,-12.1679692153308,27.6699114580119,34.3671440512422
7346,-12.1654478797475,27.994271415868,37.0894187431652
7347,-12.118038332351,28.0955197867428,37.3065487962046
7348,-11.7146603203715,27.3146058560366,39.3307590200794
7349,-11.7025916185346,27.3726764772341,38.6145768240075
7350,-11.7082811837427,27.4566085660658,36.6290572077715
7351,-11.7118620511002,27.6773792959465,36.6071952073433
7352,-11.9021446199909,28.6559975675134,35.2906587209749
7353,-11.9039540361939,28.6291691851844,35.26902683411
7354,-11.9178947236946,28.5884957042817,33.949046817631
7355,-11.9227046008331,28.5773105728315,33.9242115825673
7356,-11.9434678421729,26.6089835472016,33.8162915126535
7357,-11.9815589665158,26.5415671353436,37.715697431971
7358,-13.9105022953432,30.6994309833161,37.2289812795358
7359,-13.9140763738268,30.6667065330271,37.3065749196185
7360,-13.9140763738268,30.6646903098361,37.2989014548001
7361,-13.8384911055137,30.9509506737508,37.5481921302982
7362,-12.1471790088738,27.5723355118743,41.7397016063665
7363,-12.1452268655198,27.5979216428387,41.6879759875936
7364,-12.1452268655198,27.6455354923684,41.6396301804459
7365,-12.148716158456,27.5816692877189,41.6525571528969
7366,-12.5102963681536,27.7382356147617,42.3197577893785
7367,-12.5102963681536,27.7129315030771,42.299858364425
7368,-12.5981115104396,27.5409629659436,41.6869366688757
7369,-12.6003751679042,27.1974381954932,41.6526194542373
7370,-12.8292959009125,25.0240981493409,40.4662606974192
7371,-12.8486184069638,25.0208667552765,40.366029308958
7372,-14.7339832157947,25.6214591599004,53.004391509052
7373,-14.7706850459328,25.7135610089235,54.5912341799997
7374,-15.5410116836488,29.4359050294615,69.6420484068976
7375,-15.5436073217269,29.3734523576075,69.7152820333315
7376,-15.5436073217269,59.4882640973458,69.5486627374443
7377,-15.4817547750983,59.3358409150207,69.7297935151163
7378,-13.462025370554,50.4266214450926,62.908282228661
7379,-13.4573168561878,50.4233476901353,62.7832937335871
7380,-12.2766208675008,45.2926104433644,44.6624020817605
7381,-12.2529903956967,45.1685631103173,44.678656951614
7382,-12.2529903956967,42.381137197382,42.1131316707731
7383,-12.3910361674123,43.0391592721748,41.0033757835987
7384,-12.3991811128978,41.9166473668805,37.4284863918866
7385,-12.3991811128978,41.7797982383498,37.2396941811713
7386,-12.5570946643764,38.8024278204272,36.2103797990643
7387,-12.564534153866,38.841899618048,36.2632184534388
7388,-12.5682562901887,38.4086281636516,44.9941956228179
7389,-12.5701737051193,38.3681616632699,45.1116807733262
7390,-13.9327223805744,45.0838167087271,38.0216841497664
7391,-13.9717184853641,45.156497266803,37.6676108506294
7392,-13.9717184853641,44.9849242315624,37.8073989680061
7393,-13.8835872730924,44.5519596043454,38.0790047604402
7394,-12.1154573962371,39.6554853203214,44.8667792171735
7395,-12.1076360956537,39.6400738544405,44.8166378207283
7396,-11.5185666767238,37.1756538180307,38.4763088663125
7397,-11.490352411537,37.0706489186173,38.4210328832724
7398,-11.490352411537,34.5828245652812,38.4210328832724
7399,-11.6646382215026,35.2271260170725,37.8293678743969
7400,-11.8921644751874,31.2427021716559,37.0567115333888
7401,-11.8984449616396,31.2811847736264,37.1284196128592
7402,-11.9305712292202,31.2628410294373,37.1319910280545
7403,-11.9368168664167,31.3172854923112,37.1470736326314
7404,-11.9933472536266,31.4180387798614,41.6157158083129
7405,-12.0186640834333,31.26013107503,43.0721252962562
7406,-12.5105805830607,31.02625185528,40.5988184299471
7407,-12.5096797392806,31.0322071560888,40.6083616086241
7408,-12.5096797392806,31.0727752053399,39.7403535624307
7409,-12.4805959771763,30.9532134224772,39.8017638299309
7410,-11.4976302661794,33.7212319252198,40.3404280882554
7411,-11.4854447807659,33.6832965035368,40.2525102305448
7412,-11.4854447807659,33.8101888348561,40.1216124941657
7413,-11.4976302661794,32.3125905632244,40.014144806934
7414,-12.0067242797091,30.314147774949,39.4242276387807
7415,-12.0302117068467,30.2827584795975,39.3026242043212
7416,-13.1897779809516,30.3430145152231,36.5093741065395
7417,-13.2093923007744,30.3457038532806,36.6594750253248
7418,-14.0054950397738,32.8865784621773,33.6581144717973
7419,-14.0287137943022,32.754023148368,33.6751050395363
7420,-14.0287137943022,32.6563185752038,33.8748439692639
7421,-14.0268336670259,32.7955990992484,33.8865432937589
7422,-12.9415112921539,29.8483183702673,37.9450889107207
7423,-12.9281740086037,29.8636080268935,37.9670384547086
7424,-12.3533867158074,28.8548953227277,39.4819799981712
7425,-12.3452503444808,28.9332511507915,39.2545864671586
7426,-12.3452503444808,28.9332511507915,39.2624060704451
7427,-12.3533867158074,28.9753068535026,39.2231472826457
7428,-13.0437752689081,28.6137696167997,39.506391564652
7429,-13.2287890741885,29.441339545469,38.6188999553039
7430,-14.5096278404674,27.5647029866641,42.7084296118373
7431,-14.5283029662982,27.5847227554612,42.7293999840423
7432,-14.6420694489084,27.6120370120241,42.2412583691719
7433,-14.6431866563168,27.4047178853589,42.1030666229005
7434,-14.7365670434759,27.8745900358447,40.7605042676359
7435,-14.7836004919712,28.0602425993195,40.6297049323302
7436,-14.7521069470616,27.8905535728763,40.7205888691711
7437,-14.7521069470616,27.8588082729085,40.728962866629
7438,-14.7363303231793,27.7464249155992,40.9300785411281
7439,-14.6817052409417,27.8939078871933,40.8823820355362
7440,-14.2066340187557,30.9468839586402,39.5204042255959
7441,-14.1836694585886,30.9256005543636,39.6110839893246
7442,-13.3116239013108,31.7603609609432,43.0927773836943
7443,-13.2809903874431,31.9756522951664,43.2197493815468
7444,-13.2809903874431,31.9620356596142,43.0891034670211
7445,-13.2844658707849,31.99850819648,43.154694784927
7446,-13.7878643378559,32.7548742364959,40.6791805849369
7447,-13.7945876287677,32.5031348456079,41.0636926439461
7448,-14.5918461472101,29.5044925225928,39.5217099813109
7449,-14.622854381765,29.46675643036,39.4039659836079
7450,-14.622854381765,29.7387499249014,39.408586217004
7451,-14.6279731675047,29.7663455512207,39.3823089331364
7452,-14.3855991392852,31.0898329950668,37.1085166039057
7453,-14.3838221627272,31.1337272289255,37.0133607670485
7454,-14.3964323907053,31.2031619101003,36.9444631080771
7455,-14.4966067725616,30.1783575327197,36.4196131723697
7456,-15.9579800669628,28.1270387025811,68.1610705576862
7457,-16.0464614959397,28.2526592943462,68.6664521047626
7458,-16.0672002846606,28.3545654129983,77.6992445670031
7459,-16.0730110924924,28.6156647863984,78.4709150163883
7460,-15.2564286728402,53.1906453584137,82.1834986209391
7461,-15.1942984033168,53.2080530967934,81.7423489635994
7462,-15.1942984033168,56.4331458992285,70.3764825399017
7463,-15.26088067965,56.746407448279,69.8453540445969
7464,-15.0139264489695,55.7770691614818,48.6098858910648
7465,-14.978602183298,55.2749387566907,48.7447254694204
7466,-12.8254804662774,45.1208896876351,56.9135777608596
7467,-12.8058757818911,45.2418659626241,53.7268922157183
7468,-11.8402743949327,42.2078191428878,37.6140106761861
7469,-11.7993424052845,42.0354020316015,37.6581464678186
7470,-11.7951937481219,42.0599688471907,37.6646254028807
7471,-11.8285570979086,42.0682353769328,40.6979317261517
7472,-12.5385491646743,41.2932732364091,37.5076728125409
7473,-12.537478060775,41.0377767528157,37.603910173212
7474,-12.4623166884253,34.9483214619195,33.606684815781
7475,-12.4227043313783,34.6375818303447,33.5594302617966
7476,-12.3989759407322,31.134927075473,32.4385233717201
7477,-12.3944020408542,31.1118586170762,32.4778065047691
7478,-12.8249382019354,30.2868111807428,32.6554144041429
7479,-12.8609494763565,30.1597065246572,32.6086852298937
7480,-13.7136066385788,32.2133146813507,29.5578079577948
7481,-13.7136066385788,32.1021186354042,29.5899866185009
7482,-13.7136066385788,32.0999418148754,33.8353628625648
7483,-13.6783527582435,31.8611738021245,34.218011592384
7484,-13.6118858525483,31.6476830121667,34.5667406667827
7485,-13.5920047484445,31.6149984768392,34.6296121815912
7486,-13.0665339316366,31.019581198226,35.3710954494272
7487,-13.053287921245,31.1106174869724,35.4020425948485
7488,-13.053287921245,31.1934833240964,35.3089233551478
7489,-13.0543005680624,31.117818332875,35.4660692939779
7490,-13.6983179015256,30.2587423788669,37.8455409537598
7491,-13.780638942194,30.619269946093,37.48329361222
7492,-14.4720555245432,28.7493323949858,34.2701693464733
7493,-14.4761194416798,28.769791535087,34.3219914048814
7494,-14.4795899269235,28.613962315653,34.5757699986569
7495,-14.4889727656777,28.532798324138,34.8535385928745
7496,-14.5198270763369,28.0808184124563,39.0966274101657
7497,-14.5294372445752,28.1382109875967,39.1109258794729
7498,-14.5294372445752,27.9749959777457,39.278006172759
7499,-14.5252403685086,28.415584969211,39.2781380081147
7500,-12.6111555648578,29.1209112220733,44.4024263788802
7501,-12.599301265694,29.2194073894834,43.4161816390246
7502,-12.1165762287845,28.157788983752,45.2984369030494
7503,-12.1127776010674,28.3469127308501,45.2075367617058
7504,-12.1127776010674,28.3469127308501,46.0599388954203
7505,-12.114905568279,28.1618975509302,46.2385063407023
7506,-14.4743831621315,29.9159825518396,38.6265340606292
7507,-14.5218783503328,29.9177906107518,38.440629383577
7508,-14.7728592315958,28.2415098179137,37.4322302654991
7509,-14.7795123296552,28.2687665006168,37.0480429813125
7510,-14.7795123296552,28.165432785916,36.6558381214892
7511,-14.7403186288734,28.0795738453187,36.3304748502475
7512,-14.3362073376109,28.451532694866,38.1573347224313
7513,-14.2531008911753,28.1977503491614,38.1283750124872
7514,-13.2515486387534,28.0708959817054,43.1113701852593
7515,-13.1669856519813,27.8334668143943,43.5427486169441
7516,-13.1669856519813,27.835344452468,43.8765776619794
7517,-13.1669856519813,27.7448393439342,44.0807600764794
7518,-13.9281307443463,27.1432471642075,45.2698157546149
7519,-13.9852684247795,26.8604677140436,45.0957217363134
7520,-14.6507632145532,26.7305755125884,43.2199660562619
7521,-14.7172209328723,27.0771448334163,42.8853973457182
7522,-14.883730241203,27.9391707656346,42.0189922092109
7523,-14.9192286230832,28.3164217991847,41.8181458961023
7524,-14.9192286230832,28.4447537732975,38.4008086399801
7525,-14.8831943449224,28.4491390433858,38.1531228085216
7526,-14.3296508792974,27.8893765932451,36.1386867866567
7527,-14.2229123846225,27.7498659170527,36.0506871112234
7528,-14.2084614571743,27.7853038440665,35.5105890264193
7529,-14.1888161279757,27.449935831092,35.5942608329128
7530,-14.5379853609446,28.3904881273247,33.7956084631729
7531,-14.576180283721,28.4489741765316,33.8465287823191
7532,-14.5598713350042,27.7303599681716,34.5215085998869
7533,-14.5417819283106,27.6114634847667,34.7125859508326
7534,-14.1431771685754,30.4374042633787,37.6620928721573
7535,-14.1238429376688,30.6091825041577,37.7037658796234
7536,-14.1238429376688,30.6014933890149,37.6382170125452
7537,-14.1238429376688,30.6911169887772,38.3957532155151
7538,-14.4339911805536,27.4073888114889,38.5550831900139
7539,-14.4377650240077,27.4872069486565,38.9091521717031
7540,-15.3996630190966,27.2842295840039,75.7307573652802
7541,-15.4211840739545,27.0715183480933,78.883148403717
7542,-16.9130305055452,34.5613500410823,72.1651828225685
7543,-16.9314090328166,34.8259997807008,72.139252974357
7544,-16.9314090328166,43.4263382499631,63.5101126506413
7545,-16.9113971833469,43.5184163851625,62.2646387523226
7546,-14.9153669909698,44.2997187584883,33.8201702953193
7547,-14.8737272531135,44.3602284272417,33.3762625923001
7548,-12.6843072174681,35.2528548659775,33.2069869265124
7549,-12.6754266939254,35.3467145480416,32.6841056680868
7550,-12.0302653627591,32.4890391954943,34.5702803682284
7551,-12.0244668594886,32.0424915337127,35.405140217123
7552,-12.0244668594886,31.6470536596741,35.3612754535224
7553,-12.0244668594886,31.0882737408601,35.4809692871539
7554,-12.3758036310007,28.7867973690772,36.9081501977179
7555,-12.3921055932973,28.7277720279443,37.4409523073833
7556,-14.2168137882546,35.6039672731888,36.4667980321055
7557,-14.3219265256046,36.0265979167676,36.2999641325239
7558,-14.3219265256046,33.3119067901297,36.6165741373355
7559,-14.3206198813199,33.3664806351396,36.9975746338217
7560,-14.1699818861995,35.4525651004459,28.9172536341759
7561,-14.0777480921521,34.9842659704213,29.3222989364977
7562,-12.4461319495494,36.0932555214035,33.6785194934871
7563,-12.4203584230373,36.1710853918172,32.5379273992449
7564,-12.0075433038366,34.1348742301642,32.7112967979023
7565,-12.0147851262237,34.0520003461182,32.640873801034
7566,-12.0147851262237,33.2764534493457,32.7482692699424
7567,-12.0696155183317,32.8064810083011,33.265315214635
7568,-12.0758550035635,32.2863741963802,34.1877983287404
7569,-12.1055000314936,32.191311244937,34.4341720411671
7570,-12.2137251891939,31.4598787118291,34.5824007288501
7571,-12.2192400861987,31.4318575656923,34.5884172454296
7572,-12.9972151891461,30.8470958301875,32.239593952422
7573,-12.9979230037775,30.8102304655716,32.0857346057376
7574,-13.8880557377188,32.5161014900646,27.8324272223138
7575,-13.8880557377188,32.2146274407295,27.9185244184644
7576,-13.9041339243019,32.1421941448563,24.5552130027172
7577,-13.8601531250383,31.9156497364838,24.5430743935249
7578,-13.8601531250383,31.5454656670181,24.5430743935249
7579,-13.8762015766785,31.5268834476392,24.7013670549855
7580,-14.3180716410041,31.9301306716453,28.7157641362183
7581,-14.3335881414636,31.9452845386074,28.9564079921809
7582,-14.3335881414636,31.8202933235407,29.0920395048405
7583,-14.3323935454899,31.8401457836426,28.8739210598784
7584,-13.8747860656778,31.0872652014183,31.0120264688726
7585,-13.8678119524664,31.3487410084577,30.7683467005526
7586,-13.1623700566219,28.3022741045729,31.0107136897769
7587,-13.1624540005085,28.4429133794428,30.8424506048112
7588,-13.1667240235254,28.2780351858033,30.6294313919686
7589,-13.17016696181,28.2697203359921,30.5600683971995
7590,-14.3040908875005,27.2548962318965,26.9481115149604
7591,-14.3340041765871,27.291137124654,27.181058395891
7592,-14.9040292694723,28.2923973376404,25.5246289419092
7593,-14.9402348649733,28.3862805612131,25.3389763541044
7594,-14.9402348649733,28.4790896285566,25.3565874638616
7595,-14.9398315658897,28.4952068076634,25.2830106920116
7596,-14.7452163187946,28.1236511397808,24.0442674883367
7597,-14.7338760253133,28.1151934709093,23.9847862297989
7598,-13.9125580622711,29.4889650289499,26.2397509481909
7599,-13.902556119679,29.8141492419746,26.0349551564433
7600,-13.2662170242237,28.6481386400127,26.9956557699317
7601,-13.2144536971713,28.4600093682463,27.3735836295904
7602,-13.0656180144815,29.5832093936787,27.8702247607328
7603,-12.9983405459478,29.4590549308297,28.2618244202952
7604,-13.0031168022833,29.0187125410029,31.5016868650787
7605,-13.0039581614312,28.8922480468872,32.2926368366131
7606,-14.8225988919921,28.2758015860843,30.187865347628
7607,-14.8225988919921,28.1642334354138,31.0770489560663
7608,-14.8225988919921,28.1711934125848,31.0698662250935
7609,-14.8073583665159,28.2351023503096,31.0870988249898
7610,-13.1765145488775,25.5075901049023,33.8834566357708
7611,-13.1765145488775,25.5487860295926,33.8758434408862
7612,-13.1765145488775,25.5461956349206,33.8784584340921
7613,-13.1816326340136,25.5607517220028,33.8619211203854
7614,-14.1732986781624,26.7637736762791,34.5156402235434
7615,-14.1762911089426,26.7641935419835,34.7390890584797
7616,-14.1762911089426,26.7179821622851,35.3612564690476
7617,-14.1428849257205,26.5785528423051,35.5183688926028
7618,-13.7219401769663,24.8801680961934,38.3462177152297
7619,-13.716215531732,24.9299078358368,38.5211461604831
7620,-13.4592521903163,23.6657033820762,41.0393083328801
7621,-13.4712743155178,23.7641323519613,41.1113786878271
7622,-13.4815761051522,23.8267942414686,41.0103623807214
7623,-13.4818748974546,23.4150007333881,40.8172299020782
7624,-14.2958812192593,26.2623995797124,36.5174346770752
7625,-14.3754773378646,26.5298403156568,36.1118422891358
7626,-14.3472192967707,26.6130980006681,36.2233013553209
7627,-14.3316165415899,26.5519852271077,36.1641488706198
7628,-14.4573658784735,26.8077254540762,31.8377930849551
7629,-14.4647077782455,27.0306479759413,31.7561809217661
7630,-14.5278756665202,27.571908518422,31.4544299749104
7631,-14.5666831630532,27.6008758783523,31.3140268328029
7632,-14.5666831630532,27.379787085055,31.5281788032993
7633,-14.5471805238578,27.3329990017465,31.6377794236728
7634,-13.8311765544173,26.5199465562694,35.224840439857
7635,-13.7035602288679,25.8874455316543,35.9239086196018
7636,-13.7035602288679,25.886005460429,35.9769913144309
7637,-13.7179933722374,25.8383192387512,36.0816855622381
7638,-15.0449158605636,28.0657389384676,33.6713131562532
7639,-15.0753437688413,28.0130251685358,33.6731230208952
7640,-15.2310023574505,28.1027371653719,32.8681672930357
7641,-15.2310023574505,28.018063301443,32.8553176354662
7642,-15.2310023574505,28.20287727366,30.8115323602722
7643,-15.2216447716994,28.3857750539369,30.6292065449709
7644,-14.9467926018148,28.9668502180593,30.5523243050273
7645,-14.8953987231928,28.8093306303177,30.8953833505372
7646,-14.8475855438385,28.6614392335445,30.8547039392043
7647,-14.8236207106906,28.6073559464956,30.9991900879436
7648,-14.7656655046947,28.4764807338635,31.5778395180532
7649,-14.6683470583807,27.9717236463442,32.168059825456
7650,-14.5597887339779,27.6127962328837,32.6911852282704
7651,-14.4816366460711,27.284304166156,33.2677657281175
7652,-14.469457892288,27.3457069267475,33.2564867174318
7653,-14.469457892288,27.0861040416404,33.3398502444529
7654,-14.4959107021523,27.1609268345535,33.2139901997763
7655,-14.5097109456352,27.2050789462284,33.1580607887185
7656,-14.7760751630235,27.9736699808904,31.1040099058496
7657,-14.779043329912,27.9612643736285,31.0573375596602
7658,-15.1058772492259,28.0739735699242,29.2563360445593
7659,-15.1060589809454,28.1110994610569,29.199005958379
7660,-15.1060589809454,28.2240210140293,27.6457875262615
7661,-15.0953518951648,28.2852755331392,27.6156868976531
7662,-14.9061141320174,27.6649862346685,27.2373205705585
7663,-14.8883911540573,27.6650338350142,27.2439891319154
7664,-14.4763616538042,27.7423396420766,29.3750219683833
7665,-14.3284738170294,27.0279706770873,30.2271892324691
7666,-14.3238800021069,27.0240840291698,31.9182592209829
7667,-14.3238800021069,26.9637202362763,32.0858173881251
7668,-14.1860603387681,26.9865851161519,32.7846093411074
7669,-14.179099503594,27.1044160114518,32.7136441281558
7670,-14.4090719036503,27.6611262851132,30.0680213167587
7671,-14.4090719036503,27.6540093634094,30.0373021504957
7672,-14.4650160228832,27.8834031987352,29.7983510738954
7673,-14.4764909488579,27.5460535177288,29.8232236845321
7674,-14.927988554596,27.5792060863018,26.606499326222
7675,-14.927988554596,27.5864185374681,26.4898221285067
7676,-14.8870416910659,27.3942378893121,28.2030823731115
7677,-14.8805086045357,27.6249436342359,28.1052733217072
7678,-14.2405339264736,26.9605546041696,28.7120626844878
7679,-14.2019982938466,26.8023511141333,28.6688070805696
7680,-14.2107684909068,26.603091909378,28.1077664724465
7681,-14.2621703893499,26.7948155551757,27.8562331429212
7682,-14.7977777751809,28.9458414971517,25.1124720743126
7683,-14.8370461267973,28.9351521858326,25.0232639323963
7684,-14.8370461267973,28.6549182979185,29.1781354651332
7685,-14.8102341470236,28.4906961666239,29.4414183468412
7686,-14.7249077822605,27.939865066347,29.7665257346027
7687,-14.6904747760625,27.7837474697234,30.2088980894315
7688,-14.1214721046159,25.5081863541084,32.8900013663849
7689,-14.1083375194921,25.5147768273627,32.196015216624
7690,-14.1083375194921,25.5065004665674,32.204707222005
7691,-14.1114239607725,25.5030419003781,32.7034104421689
7692,-15.0739728339868,24.8072970828925,75.6271279030042
7693,-15.0845458659478,24.6955913814369,76.6304649271687
7694,-17.1290142996555,33.8415874011414,79.6667111785849
7695,-17.1876152181674,34.0903913999351,79.1603581011847
7696,-17.1876152181674,57.3791105282584,79.0987979534545
7697,-17.1222191946793,57.8419161275351,79.0651581186307
7698,-15.9859655947566,57.878158483548,81.1347389300226
7699,-15.9829660496456,58.2129636963609,80.2007290505835
7700,-14.7658061834084,58.2137040007977,42.4139803327702
7701,-14.7169822847278,58.6889431140727,42.2205901399783
7702,-13.8045644974674,57.6361475662784,41.0446243358894
7703,-13.7906974342272,57.6536113456601,41.0517598607526
7704,-12.4573531455611,51.5731334060022,44.8548368648019
7705,-12.4406126991878,51.4789436557874,44.8685385143249
7706,-10.7630232503535,52.3396068954846,36.4669202674343
7707,-10.740642507632,52.3151728222948,36.6442260325161
7708,-10.7338451031395,52.638015072477,34.0795184899614
7709,-10.7338451031395,52.435221590214,34.2193132304774
7710,-10.7750327860707,47.1883401217964,34.3123527389771
7711,-10.7681227710151,47.0722475338729,33.8798399629519
7712,-10.740283095286,40.1876173627711,25.3426415555172
7713,-10.7519054853865,40.2359066992096,25.2085900110352
7714,-10.7570672239943,35.1601462052007,24.4192416502237
7715,-10.7745849004327,35.2417855203604,24.2233184400964
7716,-10.8845226860576,34.8438969238491,23.6853338749284
7717,-10.8850171833133,34.418716669459,23.6890210286
7718,-10.8850171833133,33.6385193365987,23.767506121725
7719,-10.8149451207787,33.1297079679882,24.1378937688307
7720,-10.385656540113,30.5064307374131,25.0331734548177
7721,-10.2676532363312,29.8769950224189,25.598743922126
7722,-10.2079388655448,29.5970519150414,24.957803590625
7723,-10.195327333592,29.1574715343975,24.5940348365846
7724,-10.1546231761638,28.8430299745699,24.3903746378694
7725,-10.1378896877316,28.3580050723513,24.4756786870203
7726,-10.0829488846151,28.0790620751007,24.6200857493249
7727,-10.0773907650036,28.1872919692797,24.4824947704321
7728,-9.71843950186627,28.7023922966419,26.5750384782697
7729,-9.69614289720543,28.6031905405954,26.7521215512475
7730,-9.69614289720543,28.6124452357868,29.1518097940482
7731,-9.71068299192989,28.6882267807535,29.1458750613187
7732,-10.6887673226614,33.4894653202893,30.992772928247
7733,-10.8856931418828,34.8614992237432,30.3691950940968
7734,-10.8856931418828,35.9560482286897,30.2862612745225
7735,-10.8856931418828,36.1092852432651,30.2862612745225
7736,-10.9809582822172,36.6965168579568,31.3486588289268
7737,-10.9683004695314,36.5006570790455,31.4050996784813
7738,-10.9683004695314,32.1077367722667,32.5204864909937
7739,-10.9786140030627,32.0157599049222,32.5408684927843
7740,-11.0480029474117,29.9025079468291,32.1736073087568
7741,-11.0347858816501,29.8426859775512,32.2343807523615
7742,-11.0113658322756,29.5973819445289,31.5368941154002
7743,-10.9890467489513,29.812446822924,31.6594814329981
7744,-10.9890467489513,29.7645526943246,31.7116989208986
7745,-10.9936662310136,29.7856735927437,31.7362721800533
7746,-11.4942843966146,28.3158932082401,32.4888608208345
7747,-11.5571591145336,27.8959877439822,32.3061857484939
7748,-11.6099595042152,28.0494244592906,32.0255074227911
7749,-11.6099595042152,28.1448447001807,31.9209942080127
7750,-11.6438017337978,26.7794505666281,31.9663777615044
7751,-11.6438017337978,26.5753655223964,31.9943456833503
7752,-12.4906573991233,28.4353533702218,33.0152032481627
7753,-12.609293348646,28.8348456812701,33.0366790974928
7754,-13.0403516149157,29.7338853362931,32.0684873430068
7755,-13.0416996866028,29.6765798331439,32.1634661709613
7756,-13.0466665991679,29.6170823212754,32.3392091860608
7757,-13.0466122056418,29.6253312924758,32.4257563634228
7758,-12.9833567679123,29.8203574218844,32.8755008941265
7759,-12.9558210300303,29.7088690883893,32.2830104837356
7760,-12.0378209060701,25.9627810230482,35.8663257579334
7761,-12.0338597510658,26.0191051241795,35.8295434768513
7762,-12.0320157185952,26.0525015565329,35.822723433038
7763,-11.89331701272,27.274181440947,36.3916990477893
7764,-11.8860858632103,27.5193195181021,36.4019998553643
7765,-11.8798089134436,27.9096492838754,36.4067737437342
7766,-11.8799481686067,27.6461183308921,36.493718135017
7767,-11.9046832507892,27.8906755383727,36.4370540435389
7768,-12.0256362031674,27.8155740294214,35.7062924616724
7769,-12.0291142758884,27.7738215670369,35.9236038992309
7770,-13.3431333695491,29.1972133249672,39.9062820688309
7771,-13.360159894655,29.2056022904449,39.9845268216965
7772,-13.8452462369297,30.8817108982554,42.5059249024552
7773,-13.8889483723309,31.0004920123703,42.2834408872105
7774,-13.9109142870435,29.0317960122623,44.4059013328465
7775,-13.8805365382717,28.9210314981512,44.5750410147355
7776,-13.9115838192822,28.8351074668943,87.9963057310453
7777,-13.9203424939511,28.8170916928914,88.1815157428825
7778,-15.8135834693252,37.7634881988469,85.1862922398732
7779,-15.8313255271694,37.8718946622567,85.0677785813458
7780,-15.9152166122833,51.8843578586265,84.4649047056089
7781,-15.9045049213113,51.8719122448711,84.3855276822902
7782,-14.1145185604941,56.769914984041,87.1021849249406
7783,-14.0584738783766,56.6108005008601,87.220059189029
7784,-13.8724081854546,55.7321054847281,59.5327286415359
7785,-13.9185527930538,55.8430375632475,59.023084139081
7786,-14.3295374035309,57.1634833715858,56.0269238899025
7787,-14.3092743694159,57.0928012374246,56.1532515974057
7788,-14.3042296487682,57.10967806945,55.8680832378275
7789,-14.3008614520657,57.1432766900619,54.9348757171934
7790,-11.9068185364517,47.1785544116981,40.858522977231
7791,-11.8828185301411,47.3466355688402,40.6732949525497
7792,-10.978991715701,47.4382264736803,40.0044510999824
7793,-10.9650361299983,47.9402341445077,39.4874376821899
7794,-10.9650361299983,47.8934514326927,40.5550849534097
7795,-10.9650361299983,47.1791038217095,40.7465089835098
7796,-11.6848085138221,38.160083763206,44.7923685648502
7797,-11.7061169154506,37.8440945884128,44.9127376857803
7798,-11.8831283132002,35.232567932291,44.478000131424
7799,-11.8831283132002,35.2330829941856,44.7212018187471
7800,-11.8444784010123,35.0985401389091,44.6529002634212
7801,-11.8268778940618,35.8687125811226,44.4717863052148
7802,-11.4088804901384,35.9842795401096,37.2038604387158
7803,-11.3949794418239,35.9487932619814,36.5042929902806
7804,-11.3962669045994,36.0510981436831,35.5089124605666
7805,-11.4266896862018,36.1664917284167,35.3005864855323
7806,-11.4266896862018,36.067859214948,35.1203889387324
7807,-11.4127680985056,36.0597441142828,35.1347396248796
7808,-10.9036605423259,34.0727607021957,23.4061406034489
7809,-10.8549551764219,33.826086653524,22.3453052166801
7810,-10.11648259813,35.9199600827395,26.2518596329362
7811,-10.1136034160053,36.2170799127879,27.6585875388986
7812,-10.1136034160053,36.0364301712132,33.1673868918168
7813,-10.1426473164377,36.0446705348401,33.0729098187791
7814,-10.3694536518265,37.1193820054058,37.027094062609
7815,-10.3912802041647,37.2197424504649,36.9399299162835
7816,-10.4120702108856,37.1311193270028,36.8978199579777
7817,-10.4512195076945,37.1298040514256,36.7287831432541
7818,-10.4569005973381,36.549592890247,37.0081611461715
7819,-10.5204111477555,36.6906250771648,37.0832535201666
7820,-10.9035535860524,34.5504713680451,41.5356434676742
7821,-10.9857390195849,34.802094413376,41.2575929822082
7822,-10.9813850637191,34.8455664428886,41.3336822312754
7823,-10.8655220732723,34.2548967028314,41.8243200343244
7824,-10.5065233854068,32.7893858776068,41.5834366706864
7825,-10.5011937658235,33.0004594820933,41.3378949174361
7826,-10.5011937658235,33.0733963649907,41.3071696777903
7827,-10.5082816554018,33.1052063425526,41.3795062058044
7828,-10.7722695237901,34.4646637276147,42.2665040925877
7829,-10.8658328617246,34.996745288873,41.7689191097045
7830,-11.6191141911016,31.7613399481654,45.0614555015436
7831,-11.6461103878787,31.6690445917929,44.9250133739912
7832,-11.8002090172182,30.4372597498768,44.1639218982171
7833,-11.7963063764211,30.1855180561038,44.0146000848754
7834,-11.7499456196243,29.5910037236014,44.3474430329558
7835,-11.7284876824104,29.2618424886986,44.4956765962123
7836,-11.6392184049958,28.7311742602195,45.1799816230524
7837,-11.6392184049958,28.8024101606684,45.4630101454253
7838,-11.638282066767,28.9591652522128,46.6612429507807
7839,-11.5182021946342,28.505732197869,47.3396020556628
7840,-11.5166801374688,28.4345673536462,47.4347957825861
7841,-11.5240302851647,28.2734690245434,47.4292645851137
7842,-11.534216901042,28.2565248149846,49.0862197892028
7843,-11.5474267188475,28.3271114129442,49.0399874860527
7844,-12.0538672034736,27.8104156166498,47.3527201782475
7845,-12.1098588605062,28.0700477927981,47.7530342461421
7846,-13.6375132785709,32.2061994525383,43.8437336602713
7847,-13.6564665392393,32.2157550554615,43.8338040283398
7848,-13.6564665392393,32.2077719146843,43.8597763033781
7849,-13.6450305904381,32.13644830563,43.9878983834549
7850,-12.7874177573952,28.4410208653784,45.6874925465799
7851,-12.775175301292,28.4117547094293,45.7229015131178
7852,-12.4464563609627,29.8219104620678,47.3686209754848
7853,-12.4382460297678,29.7822522038292,47.4091063049716
7854,-12.2601731910287,28.8691981079301,48.3211416395016
7855,-12.1774776352015,28.5529155614329,48.5919124471026
7856,-12.1658110576128,29.115545964802,48.0258544274196
7857,-12.1622437189413,29.1308101613043,47.9750533144613
7858,-12.1704289690108,29.020067354439,47.9243204843443
7859,-12.2221686438135,28.9935974254184,48.0004581399095
7860,-14.3704458047416,29.5272151543392,83.3369681502475
7861,-14.3868043830683,29.4411705376359,83.5676437438219
7862,-16.2397339776457,37.6878213877409,81.8901056796601
7863,-16.3481836269882,38.3025254280132,81.4312897828107
7864,-16.3635195185817,60.7246278886008,81.7362383305807
7865,-16.2585194043349,60.3035010708652,82.2339673043011
7866,-15.7291410433022,64.6800038128885,83.5207052020149
7867,-15.7175061880042,64.7969981873844,82.4348471965299
7868,-15.3399232770012,62.9633571274029,73.8374018177155
7869,-15.2936411178912,62.6466169214221,72.9840296007587
7870,-15.048197869215,55.3203001233809,54.1372509657708
7871,-15.0460333835519,55.3025888872789,53.8757759621006
7872,-14.5881515294911,53.2918839475917,55.1072126146038
7873,-14.5741608935639,53.6455574854282,52.5983571582762
7874,-13.8047072126201,52.8086515911796,39.2286945828427
7875,-13.8003812566303,52.8390410819228,39.159089688223
7876,-13.110590231244,49.6455718560965,33.8083206161502
7877,-13.0867381155446,49.5259512862424,33.3201012083354
7878,-12.4123428773472,44.8114666028962,37.5735666551474
7879,-12.4086570361758,44.8156241446181,37.5697598811561
7880,-12.4086570361758,44.8156241446181,44.6758135085308
7881,-12.4162952453737,44.8587912256322,44.6547405264835
7882,-12.4162952453737,46.6031558801948,43.5099022713903
7883,-12.4126083049276,46.7190793058471,43.4955711302852
7884,-11.2265192494388,49.823608130503,45.9968790182975
7885,-11.2191261621663,49.9877421920133,45.8932062355253
7886,-9.80266707034888,48.3483077656321,43.7025491422093
7887,-9.80237096533509,48.3605388905116,43.5846713097394
7888,-9.80237096533509,48.401389907465,43.5639255864035
7889,-9.88332391414673,48.7027495278963,43.2359350525953
7890,-10.6467437570684,44.705316017341,41.3790443771096
7891,-10.6583959421689,44.2579412530715,41.3260781390135
7892,-10.654673385566,38.9498407730904,41.3301893656698
7893,-10.6540510435368,38.9223579564188,41.2888901865013
7894,-10.3195172595963,36.880358012009,36.4711392791959
7895,-10.3004211277974,36.5992141325229,36.568654663793
7896,-10.1900740883524,35.8440068153801,37.13258529795
7897,-10.1353572900838,35.5450787632953,37.6638380314524
7898,-9.98394761645867,34.7687539417129,38.8286808993694
7899,-9.9725782393291,34.887181663195,39.0648020790382
7900,-9.98414717150077,34.8279548394366,39.6730215482654
7901,-10.0045230486717,34.9187140114539,39.7185527782587
7902,-10.0210645001839,34.8129507980225,40.5359781038974
7903,-10.0575888839939,34.3856987019465,40.8401216996787
7904,-10.3453667253392,34.3928647959634,47.3515916745427
7905,-10.352562248103,34.3536804275317,47.9567127720879
7906,-10.8871409284941,33.1763395215392,46.0199807297539
7907,-10.9099647881818,32.8009355595253,45.9426761388736
7908,-10.8984258259031,32.7916248010708,46.0236674239018
7909,-10.8971147667554,32.8191685741679,45.9995887591355
7910,-10.5267607364995,32.4285200667382,45.0092433242962
7911,-10.4946934415004,32.3567365022947,45.1603569792523
7912,-10.4946934415004,32.4089108818283,45.1179142540706
7913,-10.4988252516977,32.4612777024585,45.1571360208314
7914,-10.8169326869787,33.7200577378392,46.6300940338889
7915,-10.8522485355777,33.8916065907198,46.5131262319375
7916,-11.7730881746232,32.0167479367743,42.8350586537603
7917,-11.7834801762002,31.9644866936164,42.7702904427046
7918,-11.8031508560652,31.1621701519092,42.6427730937874
7919,-11.8068999243483,30.8712337932787,42.3507362816977
7920,-11.8084562165931,29.7019840946268,42.3426187884884
7921,-11.8077578547527,29.5103979003415,42.3482933220258
7922,-12.2680956874694,29.3658981044276,46.5867700338282
7923,-12.273600077318,29.1740980247181,47.0153930750836
7924,-12.273600077318,29.1648353168603,47.2561409926924
7925,-12.273600077318,29.1322107816457,47.3072138471264
7926,-11.8983511437472,28.5339096289962,49.8643059132267
7927,-11.9075463990036,28.6538638032654,50.3001983999758
7928,-11.9086718197633,28.7130159843216,50.776539035484
7929,-11.9419450411788,28.481872981994,50.6231590507863
7930,-13.7179485061664,30.4997906328936,48.5387718940772
7931,-13.7436782409899,30.3723560934832,48.8752589453045
7932,-13.7495727585758,30.3232000143213,48.9262988910387
7933,-13.7351440421378,30.2730787855923,48.7478575374525
7934,-13.4438339195015,30.7713101607914,49.4912522114847
7935,-13.4386005322674,30.8197931057566,49.4609827261677
7936,-13.3386745637269,30.5362899063954,49.8010100577302
7937,-13.2607078911291,30.5304788509115,50.2134572516128
7938,-13.1209056820349,30.7283647783009,49.9536749318697
7939,-13.0222548843214,31.5065963132478,50.2746429776718
7940,-12.3524828990822,31.6585559263439,49.8382904023315
7941,-12.3444094236382,31.6936345964185,49.8718950030249
7942,-12.3444094236382,31.6922120805665,49.8732929967957
7943,-12.3444094236382,31.6017895055359,49.9212863844933
7944,-13.9426678784317,38.9483367754267,91.9241894649162
7945,-13.9767971639836,38.5682785081081,92.3106413551174
7946,-15.9746680536684,48.0194469540333,88.6939504607006
7947,-15.9746680536684,48.5236484591157,88.8671498880765
7948,-15.9746680536684,62.4552711130715,88.8956647145917
7949,-15.9203837524825,62.3599711662811,88.8038090236251
7950,-15.3152291634555,64.2196249309777,88.5017203853084
7951,-15.3088315268252,64.2710673203923,87.9284682675523
7952,-14.7365964109498,61.5292183688099,61.0633170167039
7953,-14.7327372437157,61.549198993336,60.9392355070947
7954,-14.0517268961687,58.734558838495,61.5753449982995
7955,-14.0115997190472,58.4952787158424,60.7561169042298
7956,-13.1110602517985,53.9124565339712,57.2120844005715
7957,-13.074169824879,53.6084455124548,57.0268864537454
7958,-13.074169824879,49.2784279334963,57.0268864537454
7959,-13.1110602517985,49.4165495044244,56.8357416876646
7960,-13.9567398091656,50.6779490936026,50.9388445402861
7961,-14.0234595584418,50.9260852165681,50.6160644783088
7962,-14.5199381293604,48.8433260944211,49.8845834124839
7963,-14.5204064255796,48.7151367809707,50.0300031038588
7964,-14.5204064255796,48.216329819677,44.0844140476409
7965,-14.5158215882948,48.1929066208834,44.0377984857186
7966,-14.3748994550899,47.5105027925908,41.7603791390823
7967,-14.3262350502174,47.5006918349092,41.5984759394893
7968,-11.9523128998602,43.5593976983287,53.5181005691814
7969,-11.9427980898968,43.7095384332933,53.2183369048333
7970,-11.9427980898968,43.5768569874384,52.1488090090709
7971,-11.9730847440432,43.5247170720964,52.0087962174925
7972,-12.1151569773991,43.0204187207903,51.4708050919546
7973,-12.117345929658,43.0090958313821,51.191701033605
7974,-12.117345929658,43.0357816998069,51.191701033605
7975,-12.117345929658,43.0580913004001,48.9299501700732
7976,-12.117345929658,43.0764667202754,48.9479994324437
7977,-12.1685665477648,43.2902800104871,48.6752440140503
7978,-12.1692375803574,43.0795824892331,48.7882431800317
7979,-12.9260675320916,39.6684777341942,46.0479214223572
7980,-12.9225607676991,39.6701577497615,46.0799305988907
7981,-12.9009739792852,39.6282653033285,46.1980265475987
7982,-12.8964934144032,39.6579433627084,46.0000632137092
7983,-11.9594614999076,37.6995446926345,50.3655914878081
7984,-11.9591318151909,38.3503931434798,50.1932991646148
7985,-11.9591318151909,38.3510554802603,50.1926211692453
7986,-11.9637015571919,37.7314301203278,50.336833385843
7987,-12.3884374673017,35.3944793480797,53.9984229566615
7988,-12.3991324478644,34.6283289735379,54.163672839886
7989,-12.4005445390622,34.6265426138328,54.4748634492313
7990,-12.3993484122004,34.6429930363795,54.383902335358
7991,-12.4300537568997,34.3486296973721,53.0370246596237
7992,-12.4300537568997,33.6976869930344,53.0363748982851
7993,-12.6827204834408,34.4064239180764,51.8672937375546
7994,-12.7084297892945,34.1462203658135,51.7561681219852
7995,-13.1366589304924,36.3150437688502,50.0302954569007
7996,-13.1953425026602,36.9738761363507,50.0452002163214
7997,-13.2655629581635,41.7431275561533,73.2342034889213
7998,-13.2671051587678,41.7151292271839,73.3087948808414
7999,-12.4967603471786,45.831878749511,77.0989997229878
8000,-12.3413761722202,45.2225323188474,76.0250442223195
8001,-9.99582344706556,38.6124490554295,55.690065124441
8002,-9.92679429196585,38.4026767738616,55.3909689038203
8003,-9.92679429196585,38.8764552325705,54.9233534642081
8004,-9.92918647639308,38.4361941062865,54.9105345572817
8005,-11.7947260473172,31.2796281461077,57.7109832885772
8006,-11.8078426156879,31.1937535118686,60.0436828678013
8007,-13.0178073984232,32.8013230626836,54.074692615157
8008,-13.0178073984232,32.7415003287579,54.1214507634413
8009,-12.8956794553413,32.595938985409,53.1375323097252
8010,-12.8593631411997,32.4259275777904,53.3292722358872
8011,-12.5416274428718,31.2804011296545,54.1772625230961
8012,-12.5348462318297,31.2159335034667,54.2112643995139
8013,-12.5676258860702,31.083677763995,54.1181473059113
8014,-12.5839880227806,31.1442221161212,54.1055084714038
8015,-12.6023848137252,31.592827928827,54.9671520938624
8016,-12.600958559202,31.8927155242156,54.9865663719527
8017,-12.2730674352245,31.0594505927807,56.6318358786284
8018,-12.2021186583391,30.7265369581621,55.7675656382744
8019,-12.198401961545,30.891346624362,54.5382379889984
8020,-12.2693304615977,31.2978832011749,54.0434700217303
8021,-12.3995687215632,31.9712657769207,53.2203989143965
8022,-12.4582617674967,32.1312572920836,52.9279876928731
8023,-12.9798474733889,32.2290451642018,50.2935470471014
8024,-13.0372515140037,32.3927961942789,49.5621039680112
8025,-13.760283850815,33.2400547263195,45.8329220974611
8026,-13.7810002160838,33.3117714525618,45.7275075314392
8027,-14.7633206118013,32.7290331939633,42.3067187888503
8028,-14.7751808636742,32.6966428935336,42.4080459524719
8029,-15.9754389463453,33.4076720930265,77.0190598572113
8030,-16.0149633698191,33.5901672829687,77.1273256472736
8031,-16.2284036668042,34.570060972842,79.7259457277011
8032,-16.2284036668042,34.5594719352105,80.2233420379343
8033,-15.4324121620674,57.0201765145127,82.6671256076928
8034,-15.3781627327281,57.3232788329634,82.9028276035871
8035,-14.9925438833508,62.4011829263684,80.7996710283923
8036,-14.8350941768164,61.6674026649172,81.1626869694202
8037,-14.0610647292689,57.8869871701904,76.6778581091239
8038,-14.0580761576679,57.8907149516862,75.3083481517755
8039,-13.1485627928986,51.571159453371,55.4424204221221
8040,-13.1163614511845,50.908711472114,54.981686558265
8041,-13.0876562150368,47.0684709922209,53.8214208265738
8042,-13.0817565734568,46.7878576292837,53.8830059334795
8043,-13.0930109971402,40.1356550203343,53.8298999859537
8044,-13.1623405754721,40.1289537435438,53.5624102007198
8045,-14.3119676091908,39.0776339602426,49.4321861167811
8046,-14.3581876030043,39.2694564989593,49.3521114478879
8047,-14.8660964007706,41.8552498157055,52.7094309756404
8048,-14.925063408551,42.2734936570148,52.6134516633207
8049,-14.9327155812193,52.7054640836437,57.6215240321314
8050,-14.9511397760326,53.0470697503654,58.0463556014323
8051,-14.9210822944631,53.366124425371,58.198080799531
8052,-14.9192507241499,53.4865903870101,57.6697251120232
8053,-14.0093285377733,51.4145923689151,44.5755052807032
8054,-13.8491651193918,50.6113580258217,45.2834697287755
8055,-12.9159408456226,46.3532864922267,49.9209232567818
8056,-12.904725544822,46.2939924200609,50.6477690256381
8057,-12.8886749874121,46.2196644654367,50.7226791301674
8058,-12.8665023316827,46.1272744237683,50.8153710844273
8059,-12.3812421183803,45.0788990009622,52.7278998692153
8060,-12.2916525194025,44.7834095849509,52.6456543618041
8061,-11.854286961592,42.568763161273,48.863601843971
8062,-11.854286961592,42.6281474593362,48.7988344859755
8063,-11.8500814266948,38.7066931859666,48.7877260433436
8064,-11.8560171878026,38.6440356507847,48.6832456620974
8065,-12.2916121313938,35.0185826255791,48.9492299920348
8066,-12.2943949249882,34.4496416541052,49.3271087148535
8067,-12.2936660169762,34.4458365487623,49.487433494726
8068,-12.2824871573709,34.9053349184301,49.5646682157266
8069,-12.2824871573709,34.7848378006139,49.8398009732593
8070,-12.2907362318023,34.1145048707841,49.9621377715106
8071,-12.1935051604681,31.3162981391264,53.6284280034197
8072,-12.2079848906238,30.9028856731886,53.7276092394716
8073,-12.2022707106362,30.8727421975601,53.736484143179
8074,-12.1867327759592,31.380288894519,53.4847378344197
8075,-12.1867327759592,30.3079024093816,51.6221521861225
8076,-12.2022707106362,30.2366894246405,51.4743090105093
8077,-12.6625582561853,32.1307766281836,49.8599947703032
8078,-12.6777230943119,32.1729580962928,49.8826994636236
8079,-14.1084339868228,35.0021447758951,45.1686097446824
8080,-14.1726397218387,35.2535317664902,44.8481922057802
8081,-14.2077397309346,35.3239464883215,44.673940893368
8082,-14.222946301221,35.2380179693114,44.6576254125671
8083,-14.2834859621539,35.2947915824172,44.5030308116146
8084,-14.2896434117487,35.1895152442194,44.5314703282394
8085,-14.5275783736902,34.3221278709592,46.2655975512666
8086,-14.5910588525746,34.6455587605887,45.9842736414743
8087,-14.5947694245687,34.6804025675407,46.579567187027
8088,-14.5343508196733,34.6419007810717,46.8661195459633
8089,-13.3364970280595,31.7181841913036,52.7927249857266
8090,-13.347789743192,31.8879220187639,52.7828526223919
8091,-13.3530432181802,31.8818011353588,55.8469449406732
8092,-13.4254345254838,31.9861693139139,55.68484565243
8093,-14.2589434829434,32.7027200459137,53.2119115474705
8094,-14.2707025669071,32.6677424784125,53.2711460078662
8095,-14.869124968843,30.5556585879265,51.58874041945
8096,-14.8805176470846,30.4041289079631,51.7542078668212
8097,-15.1348123179223,31.0206315069222,54.227447263796
8098,-15.2331519804117,31.454491536271,53.7458367734438
8099,-15.2271694260021,31.5178163427438,53.7728841014561
8100,-15.1017935487117,30.9976459008053,54.1379554949948
8101,-14.7051264726871,33.7637492674035,53.4383662886546
8102,-14.6345914366785,34.4042911267916,53.5538550693851
8103,-14.5609265060271,33.7311639654447,53.920336533857
8104,-14.5831259220271,33.4376316523919,54.0644521168212
8105,-14.5831259220271,34.1766316657861,54.2573333592952
8106,-14.6203197446478,34.3835103647121,54.2806149214964
8107,-14.5938999827304,34.8831165611694,54.5655568546048
8108,-14.5855515622128,34.9632459537507,54.5929301658333
8109,-14.5710430350305,35.0023309017472,54.6632148606526
8110,-14.5710430350305,35.0456931393495,54.7161820429677
8111,-14.9204858664764,34.7575129471585,55.1093445259443
8112,-14.933801294227,34.5236455158738,55.2587794031853
8113,-15.8695515448187,33.5651970662463,54.6303240206473
8114,-15.8751687612437,33.401140829559,54.7964014649719
8115,-15.8751687612437,32.9030933425391,55.0896029844135
8116,-15.8695515448187,32.9088048458765,55.0568849557721
8117,-15.0303392791906,30.858164187913,56.5201419753609
8118,-15.0235301260958,30.9813229197676,56.2200163054659
8119,-14.4981826626084,34.8939401236809,57.9256329780802
8120,-14.4614882850987,34.7573693791409,57.5449510209481
8121,-14.0231976897919,35.2560996916922,58.821518185227
8122,-13.9579372172105,35.4449971266373,58.9380179655438
8123,-13.9608769259644,35.449623372879,59.0280760044589
8124,-13.9669809333403,35.3468551472505,59.302265753714
8125,-14.133000486245,36.185346019128,58.4887440311406
8126,-14.1337881480659,35.9260665343912,58.2507587117792
8127,-14.403550658063,36.0830486459119,52.5693343948105
8128,-14.4010670105833,36.0556205496849,52.0443981329212
8129,-14.4228336697787,36.0809506352488,51.4586117534273
8130,-14.449444738456,36.2124054549801,51.4184039996968
8131,-14.8177386628886,33.8468644941247,49.8567159251001
8132,-14.8572630217656,32.7991189364223,49.7230573882622
8133,-14.8572630217656,32.7991189364223,53.4025224224119
8134,-14.8551046443048,32.7879551317564,53.413462290849
8135,-14.6878964175948,33.05949491517,54.2259815176209
8136,-14.6606531862584,33.0334447218019,54.2957737607113
8137,-14.6606531862584,33.0334447218019,54.2957737607113
8138,-14.6668369495961,33.0221833924206,54.2991804172657
8139,-14.701739767168,31.3754833194466,60.0197824009132
8140,-14.8060740245279,30.9215341005213,59.9446500710813
8141,-14.8060740245279,30.91412582391,59.9512634409734
8142,-14.8043213646928,30.9073817885927,59.6018130726675
8143,-14.5794476693896,32.0036001040739,59.2706583575734
8144,-14.5723624550605,32.4144696897807,59.2288233822498
8145,-14.5723624550605,32.4302110891492,57.8871045061272
8146,-14.5772109282926,32.5038001333779,57.8784723693114
8147,-15.5580518133404,32.7361061810336,53.2771260621633
8148,-15.6732458365184,32.5500582621754,53.2576239133877
8149,-15.6732458365184,32.5595390804277,53.249120782545
8150,-15.6732458365184,33.380135611963,53.3157175430581
8151,-15.0163342450359,30.8711835761815,56.3701561786645
8152,-15.0126258681563,31.7213440437754,56.0563749245153
8153,-15.0126258681563,31.7213440437754,56.0563749245153
8154,-15.0126258681563,31.6195775794493,56.2112775974927
8155,-15.6185963855378,33.4474922136186,60.4133010267806
8156,-15.717206011137,33.7475701011609,60.0416385198145
8157,-15.717206011137,33.7475701011609,60.0416385198145
8158,-15.7156302435603,33.7394618549945,60.0287034229543
8159,-14.7105983731679,30.3846355539114,59.12368702063
8160,-14.7008407496699,30.3938108707014,58.8876457849344
8161,-14.7008407496699,30.4148620451048,56.7544157209964
8162,-14.7859909508548,30.4029498377245,56.2640277114928
8163,-15.1539448960306,30.3810256862829,54.1959957782037
8164,-15.2748890367844,30.9407354497948,53.5016658144742
8165,-15.4767645435667,31.5726973529749,52.3440317924912
8166,-15.4972143987232,31.263750627445,52.2406779256992
8167,-15.8972404994501,32.6177228107668,50.2713792568771
8168,-15.9280346803251,32.6427963704768,50.7804090220137
8169,-16.0549187028594,32.7347074090153,50.5949205346657
8170,-16.0549187028594,32.7157324664633,50.6156545701949
8171,-16.0549187028594,32.6972814190207,50.6316538158041
8172,-16.0504095847327,32.6400618762628,50.6451430610198
8173,-15.7148650818002,31.7077220667177,52.1769156252819
8174,-15.6734860401288,31.5302732853949,51.9528767226737
8175,-15.0342957259392,29.8352355980978,54.7943196398985
8176,-15.0275976023367,29.8790892902696,54.6550419039107
8177,-14.5494773461169,29.7334162523831,56.5124469025374
8178,-14.5320144192394,29.6954775667557,56.5456551432552
8179,-14.5320144192394,29.6954775667557,55.9304171407792
8180,-14.5335946515724,29.6252150846262,55.3463807454305
8181,-16.063817198036,27.4027969057885,48.4225859837017
8182,-16.0747941979576,27.1672167087608,48.4523650381222
8183,-18.7778575064385,40.6696294188081,81.3703525878902
8184,-18.9272209668675,41.3250150699871,82.7654209915714
8185,-18.9272209668675,68.0961348475536,82.7757850983651
8186,-18.9272209668675,68.1686945606257,80.7913075147222
8187,-17.7446423416224,65.842515206434,78.9672965791523
8188,-17.7231038509365,66.1407338200467,78.9819482459298
8189,-16.1505160910731,59.1375360609988,57.067792553106
8190,-16.128445655844,59.1351945369367,56.972254077368
8191,-16.0152868119838,57.9552450129882,57.3521341210502
8192,-16.0152868119838,57.6636272563189,57.9562722987685
8193,-15.8700077531113,54.62159183765,58.9245275976815
8194,-15.868126096937,54.4990674851237,58.8447822328605
8195,-15.3921287537525,52.2314634540513,53.6208203373924
8196,-15.3774134467999,52.2032409784114,53.479307091839
8197,-12.9206129566764,48.8667149510818,46.130485834448
8198,-12.9104910672539,48.960166093054,46.0012521227262
8199,-11.3856866047673,41.6875040928085,34.6818362014066
8200,-11.377026241993,41.7409111420841,34.5749487613506
8201,-11.377026241993,38.8408661404732,34.5749487613506
8202,-11.3861056564187,38.8603880338059,34.8354767079197
8203,-13.273914756552,39.3869248308364,41.2885662316856
8204,-13.3230959719416,38.916122488049,41.5111150715814
8205,-13.3230959719416,38.9091112740403,41.5190746403138
8206,-13.321108394404,38.9227628561051,41.4297077944298
8207,-12.5911902671491,37.0126164637003,31.0144083241687
8208,-12.5886000911064,37.0548023715197,30.906643180938
8209,-12.5886000911064,37.1185809844923,30.0978570230345
8210,-12.6421711430606,37.3637316128123,29.640555997538
8211,-12.6088838862166,37.1688654636161,28.7846311674617
8212,-12.6088838862166,37.230173869184,28.706120377705
8213,-11.5722884295685,30.6961366527367,26.4410153002099
8214,-11.556785271731,30.6173202836239,26.2111949718817
8215,-11.556785271731,30.6250517084193,27.5673881347536
8216,-11.5750021117055,30.4859157429403,28.1191978229772
8217,-12.6858694892068,30.6042984274213,30.7738703562299
8218,-12.7153692415579,30.6680502976104,31.047267652126
8219,-13.0323489291371,31.9032742092521,38.3746319864755
8220,-13.0941539676945,32.2244152954502,39.409978257538
8221,-13.106553766377,31.4091172664907,39.7010631377371
8222,-13.0453116540548,31.0707743674496,40.0075011565279
8223,-13.0727159195143,30.4884690085645,44.7393944010097
8224,-13.1352628188275,30.7767947171048,44.5374965125974
8225,-13.1804225368371,30.4129638091477,44.3006305159282
8226,-13.1841715966531,30.2036275773422,44.2310703201484
8227,-13.1841715966531,30.1928553789879,43.0511771840122
8228,-13.0931514510143,32.0220126966233,43.5039900241434
8229,-13.0931514510143,33.5905355660736,43.5128735639896
8230,-13.0968774474356,33.8998021369475,43.5689021305963
8231,-13.1354131976869,34.1227986164292,45.5151056451605
8232,-13.1389918341776,34.1443596261951,45.5456671656626
8233,-13.2469594951594,34.7425094563009,45.050805279784
8234,-13.2374774614869,34.718418895145,45.0674045441485
8235,-13.238539315359,33.1170500061503,46.5375859218037
8236,-13.2644063158996,33.2251459324215,46.4219936966686
8237,-14.2917628609781,35.4991789595037,45.0185107872422
8238,-14.293082216309,35.5001441381843,45.1606175810019
8239,-14.293082216309,35.473298065999,45.4857087142662
8240,-14.2445087482851,34.764387115554,45.9108289789469
8241,-14.0911695585473,33.5591143939905,46.8507360520053
8242,-14.0679160875806,33.3392586579105,47.0285745093082
8243,-14.0679160875806,33.2622258201588,49.2418907405911
8244,-14.0928930396789,33.3367974823406,49.1760032261488
8245,-14.1558639836612,33.4488459731902,48.9688800717042
8246,-14.1347174593318,32.8064053724272,49.0224343048986
8247,-14.1150797409318,32.7563145735063,49.0709577446854
8248,-14.1073494219907,33.3276813276881,48.8558461249998
8249,-13.8202319291045,32.0264309917308,49.863371682989
8250,-13.7972062081524,31.6911581886624,49.982742919758
8251,-13.7972062081524,31.6911581886624,50.1525851779801
8252,-13.8284429894366,31.7323765462578,50.1191168789886
8253,-14.0226080325565,30.5206324350032,52.0495931331263
8254,-14.0451501389035,30.2344344339628,51.984990044867
8255,-14.1200930344047,30.5652025632448,53.8546852384392
8256,-14.1038299129186,30.4559916489366,53.980758449457
8257,-14.1012180442821,31.5821908843327,53.9896924758385
8258,-14.0850441410371,31.7400259078359,53.4858731671633
8259,-14.074832176972,31.7775637716359,50.4647140662032
8260,-14.0666274305571,31.5427642367921,50.4573924038085
8261,-14.1099060995005,31.6828294289268,50.1510054092931
8262,-14.1660758995956,31.9166725566917,49.9569962685679
8263,-14.6833833400836,29.2416425293065,47.9029248967532
8264,-14.701581094237,29.3448632834505,47.8215808245433
8265,-15.4372325219838,31.5358217483523,48.1954635307979
8266,-15.447354180217,31.5440032969747,48.2355110142952
8267,-16.0960341269565,33.788086804288,79.4665668065698
8268,-16.1081582004852,33.7920162894697,79.6549535063518
8269,-16.4224227696315,45.3603350821801,85.694637912417
8270,-16.4224227696315,45.3470820614177,86.0376197212002
8271,-16.6860775460669,53.8658422000338,84.9441347700799
8272,-16.6729664357956,54.1233063297313,84.9415352041462
8273,-16.6729664357956,54.1820491377463,73.8802885181881
8274,-16.6860775460669,54.0054560678915,73.7964007818627
8275,-17.1684040796984,49.8866305280814,71.0540661024753
8276,-17.3271688365175,50.0388006418452,70.7186723172156
8277,-17.3271688365175,41.8555343482955,70.735835734494
8278,-17.3271688365175,41.8643429964017,70.7120614605034
8279,-17.0864443721508,40.6444733081904,69.1416690081025
8280,-17.0734399201228,40.6166951385145,68.9750209731452
8281,-16.9681441897349,41.3250825293413,69.3991512887582
8282,-16.9422019406604,41.2134338923259,69.5391301341627
8283,-17.0079535289608,41.550208311799,69.2108863690323
8284,-17.0458132655588,41.6509347020818,69.0181146322346
8285,-17.8573401928769,40.2373717497752,65.3366989363785
8286,-17.8800791841127,40.2854800593383,65.6441626708233
8287,-18.0248639637479,39.9919261181158,64.7160877893456
8288,-18.0288931788009,38.96677488337,63.94668290433
8289,-17.8188595074699,37.8586102131764,57.0482189751859
8290,-17.81356722139,37.8045535939956,56.2149969424706
8291,-16.9190490378832,39.2436088914515,59.5340070120295
8292,-16.8947043986518,39.2229654652772,59.6643889293391
8293,-16.8625643494425,39.1211389955655,59.6084850537614
8294,-16.8284934438341,45.3334232718023,59.4398032712435
8295,-16.8343212797854,45.5741934649784,56.336729723333
8296,-16.8400965359166,45.7359568048591,56.2512404021142
8297,-17.1120032495975,39.1888079036908,54.1456022568293
8298,-17.153048738753,39.3046181064963,53.8918028904333
8299,-17.5407551150145,37.5352692798243,51.6740296483473
8300,-17.5078092704798,37.0636534901271,51.7782767891965
8301,-17.4430467773193,35.834637017564,52.0779027521857
8302,-17.4142263792893,35.6817493761199,52.4260035313565
8303,-17.2272222240353,34.7344546963811,53.6251357586084
8304,-17.2112379726342,34.7143766212551,53.8055687068177
8305,-17.0306288254758,35.9766337262253,54.6992143908498
8306,-16.9954642012913,35.8757038697644,54.7931520411672
8307,-16.0693912433589,36.0350999891366,52.7600191801224
8308,-16.0399841182446,36.0979855757801,52.8451537404034
8309,-16.0399841182446,36.1579662096291,52.7912709931591
8310,-16.0633119571318,36.1212555205787,52.6602891864916
8311,-16.83364827752,36.7052232723191,61.4287363616049
8312,-16.9516628173909,36.4035107095514,60.8841823148054
8313,-17.5074810582562,31.3705706325124,58.4176198063627
8314,-17.5355863197886,31.5140350321743,58.2734152281501
8315,-17.5355863197886,31.6423179402223,56.3411616854872
8316,-17.4116043860876,31.1590544146655,54.3758739120545
8317,-17.1125441152786,34.4160998631082,55.7772169988009
8318,-17.1131257635126,34.4190757289524,55.7743106820217
8319,-17.0755492254633,34.2264477037747,56.1813006163852
8320,-17.1143459307672,34.2516669146151,56.0453274856462
8321,-17.1295206755301,34.2174089911017,56.0410470892808
8322,-17.1418444929286,33.9007069856901,56.0816453194785
8323,-17.1588129365771,33.3670919814488,56.2880265120033
8324,-17.2645731767765,33.8986124112846,55.8147764709976
8325,-17.5428420777401,33.5066320724994,55.4208855252828
8326,-17.6088270904734,33.8266920927923,55.5032948061909
8327,-17.6103459476501,33.7255136345447,55.6935767831723
8328,-17.6103459476501,33.7403220995689,55.747194327956
8329,-17.4166805596189,32.8911940065925,54.7058196307678
8330,-17.4035757700823,33.1314998938992,54.537406462435
8331,-16.8967238780996,32.9612863131576,51.1161084039844
8332,-16.894063672674,33.1689102217714,50.9661874906318
8333,-16.894063672674,33.205339578017,50.9332221869508
8334,-16.8924153201228,33.1963602741363,50.9702379852936
8335,-17.3164900566534,33.2176454368148,55.0272746338775
8336,-17.3272021441293,33.1698205038304,55.0456282385155
8337,-17.6074488816886,33.2555536393839,54.5411201832873
8338,-17.6215113205944,33.2501672154897,54.6483237236654
8339,-17.706624548831,33.5843063634618,54.6192310128893
8340,-17.7359412556356,33.293354316956,54.9613987977572
8341,-17.7195277706117,32.9008069734686,54.8776564989525
8342,-17.7155241788607,32.8370324733845,54.8978428180877
8343,-17.6289559787863,32.0898668387545,55.4601021453978
8344,-17.5788491796921,31.8501482564311,54.4599891358336
8345,-16.9616541389994,30.7711893103981,57.5421464706955
8346,-16.9657151428375,31.0318830636482,57.452522743922
8347,-16.9786770091429,31.1069716286416,57.3795545634893
8348,-16.9786770091429,31.0862821122305,57.4794004007307
8349,-17.8757878062641,33.9918014739031,48.6123364276079
8350,-17.8796133985209,34.0001029799336,48.6731952721571
8351,-17.8891494463264,33.923985504688,48.7593987460945
8352,-19.1929051184059,42.1698439221875,71.1814014623609
8353,-19.820733826906,52.7952470194023,72.314722133762
8354,-19.8941866247782,52.8949089009529,72.1132086402204
8355,-20.0018509338253,53.8049137088579,71.5714111804026
8356,-20.0140472156491,53.5986155769793,71.4920535430193
8357,-20.0140472156491,50.780830619366,67.4687880914538
8358,-20.0033514721684,50.624847286851,67.1161837665527
8359,-19.7899014187325,48.054845527388,61.9758780866462
8360,-19.7563853011268,47.8443173894785,62.9908084329956
8361,-19.7441146510602,45.9522244381288,63.9485782694484
8362,-19.734233482695,45.8467327298705,64.0357176689859
8363,-20.530950823967,48.7161661185598,60.6672857010652
8364,-20.5353540574258,48.5119762923894,60.7387907498717
8365,-20.5353540574258,47.1642951774367,62.0277422444471
8366,-20.5590006372046,47.2892015505173,61.8783956955305
8367,-20.3113555087863,46.0780964540351,62.6152007074302
8368,-20.3113555087863,46.12125099319,62.6353999323298
8369,-20.2177075175625,46.0099078932762,63.3804771269661
8370,-20.211931143833,45.9506195075479,63.256104053982
8371,-20.2077444723757,46.2626190840047,63.3258019583241
8372,-18.0486595335024,42.3475260471221,71.2531278608666
8373,-17.9722161690013,42.1102515452353,61.6714673770813
8374,-17.9700786962178,42.1612858311461,61.3994170108316
8375,-18.0384972958019,39.0738156755944,60.1819922632469
8376,-18.1313984615805,39.5384218574205,59.4265383170572
8377,-18.1254100548594,39.5394598466754,58.8457731985435
8378,-18.1254100548594,41.2159385635353,58.6120731689412
8379,-18.0747752350424,41.0924212063612,55.4284434068523
8380,-18.0407656269694,40.954787187818,55.2284496473325
8381,-18.0063855346171,39.4151272825939,55.0894269367537
8382,-18.0360205130814,39.3364813338819,54.6939219603646
8383,-18.0345026699059,39.3454153117089,54.7597336981109
8384,-18.0039186117597,39.3842269466414,54.8787633254652
8385,-17.5367513564036,39.0196925320155,53.6985038625741
8386,-17.4794296074991,38.7427828748386,53.8914654738177
8387,-17.4794296074991,38.7427828748386,53.8914654738177
8388,-17.5367513564036,38.9991425227807,53.6078765225724
8389,-18.1835405710936,39.4572318568089,50.7505528725325
8390,-18.1859347918512,39.445152132126,50.7241320405859
8391,-18.2738135531583,39.7251634964653,50.5627604895153
8392,-18.3481425474467,39.8698803855632,50.123857773934
8393,-18.4271764295363,38.8532587719955,50.5136942348789
8394,-18.4363905487402,38.547359535669,51.283652986862
8395,-18.4354851012058,36.4937420060053,52.0621147220444
8396,-18.4850071800887,36.7750426487253,51.9340894626378
8397,-18.4814423391144,36.7468789412542,52.0578625304253
8398,-18.4319284525617,36.884716826207,52.1871210341579
8399,-18.0732243806821,36.8076373379672,51.1847935067491
8400,-18.0720348546404,36.8320625051105,51.1625216843573
8401,-18.0720348546404,36.8333471664559,51.1415821889849
8402,-18.184396802745,37.1240465283574,50.6658584913248
8403,-18.6281208916811,36.4994238762633,50.9266520780899
8404,-18.6367615019505,36.4720593227908,50.8722777064434
8405,-18.6615540946322,36.2563138042596,50.6563183353148
8406,-18.7189618922226,36.3612498870434,50.3041594983297
8407,-18.7193170153537,35.9597587947547,50.8065219350419
8408,-18.7486695023798,35.9927189405561,50.6515673308486
8409,-18.6785409005352,35.6288603764303,51.0132840572807
8410,-18.6405893871017,35.5589403698963,50.9822871927923
8411,-18.4443120178532,35.6544554964523,51.211528691016
8412,-18.4356997385008,35.8885606614287,51.014690054098
8413,-18.0899793617905,35.1182355119243,52.7375573835069
8414,-18.096667865435,35.1670742789409,52.6895675464979
8415,-18.1277809626055,35.1717152618913,54.670130416192
8416,-18.3261681636177,35.6918989860505,53.7607576482645
8417,-18.646938634093,37.3285975441284,54.2492502772951
8418,-18.6807504579953,37.5199802616866,53.9574895955021
8419,-18.694050652311,37.2119790454435,54.1667620865027
8420,-18.7276880456981,37.3041695234889,54.2980357446956
8421,-19.4728465732799,36.2507258923325,52.5608296310835
8422,-19.4821833719146,35.9302585993984,52.8539093288841
8423,-19.4821833719146,35.6617356697132,53.0804477360754
8424,-19.4784496502226,35.9008095146361,53.1840128864342
8425,-17.9428739634598,35.8787179203845,55.1971676853942
8426,-17.9238769159038,35.9183271430324,54.7219020111589
8427,-17.8732356909914,35.8182127315603,53.1060598180127
8428,-17.8732356909914,35.8182127315603,53.1023799388285
8429,-18.0833103452623,33.7734991238137,57.6240900184976
8430,-18.0961315644612,33.3350433075869,58.2033232243441
8431,-19.2612219489682,34.9090571168056,52.9924282764209
8432,-19.2627995476394,34.9170252948989,52.9929947530735
8433,-19.3163100755746,35.1871605639662,49.2081934116733
8434,-19.4533679264036,36.1087701399379,48.4539875553772
8435,-19.7953606659714,38.3510736568645,56.3364192147564
8436,-19.8319011634249,38.9008166511273,56.6830600884197
8437,-19.9610584664513,55.6321583473092,67.8526799556505
8438,-19.9769593857574,55.7936564006718,68.036077766046
8439,-19.8765024153644,58.7322344244852,68.4894551932244
8440,-19.8352150532553,58.5030301022531,68.5130153943968
8441,-19.7767150022548,58.1273909624709,66.3423661291859
8442,-19.7736919887731,57.5268682671006,66.2481488011386
8443,-19.0778903305151,54.1832636418658,66.9053121678016
8444,-19.0228948213644,53.7061293526774,66.833455415243
8445,-18.6761668831791,51.8499324402,66.5678792043736
8446,-18.6870301222328,51.6468698022994,66.4956528035784
8447,-18.6761668831791,51.5535086963327,66.702016226808
8448,-19.02407992978,50.4248022087422,65.7569581753132
8449,-19.4015658309018,51.5566242357531,64.8539806466693
8450,-19.507346001552,51.790267330033,64.7720069091008
8451,-19.507346001552,51.328895663042,64.8415354907084
8452,-19.507346001552,51.4429093787374,64.8186069927519
8453,-18.4471799587692,48.4783116688894,65.4999514701308
8454,-18.4122938246419,48.4107736898488,65.4642935984134
8455,-18.4122938246419,48.7809190102678,65.3520273234037
8456,-18.4134174645861,48.835725107849,65.3759857860611
8457,-18.8362576204778,48.7161663939262,63.3523592361331
8458,-18.8440608333989,48.733126000705,63.827667965824
8459,-19.1148496101085,45.9318211430689,62.5813474928729
8460,-19.1148496101085,45.8230304316767,62.6088276138489
8461,-18.8906665332333,42.4454028872124,61.782422888963
8462,-18.8668251781983,42.2759301135714,61.4161992104208
8463,-17.9620775277875,38.1281582630033,64.7063832845704
8464,-17.9550780588315,38.1888003119892,64.3145334037581
8465,-17.9550780588315,38.2479874080776,63.7774594843791
8466,-17.9620775277875,38.268209259169,63.470905631594
8467,-18.0641691322243,41.3447657359223,62.8216211668919
8468,-18.0734628350046,41.3687068424319,62.4700514091166
8469,-18.113928834656,41.5797807232544,62.2121835970327
8470,-18.1145675751357,41.63948284903,61.8834571305307
8471,-17.8615670811388,41.236378362886,60.6894236402702
8472,-17.8253782995844,41.2137485460474,60.6420188783195
8473,-17.6516227652801,40.5431245258098,61.2521735671423
8474,-17.6411509857553,40.3861172007979,61.3090737980265
8475,-17.6411509857553,37.2243964182861,62.5537854939767
8476,-17.6953366558698,37.1691706265794,62.3515372487984
8477,-17.9901822514,37.5072328952166,61.1496817432312
8478,-18.0071437175501,37.5826033677517,61.0424261993849
8479,-17.863277209102,37.0882850267927,58.9578021217935
8480,-17.8308446814031,36.9458683715988,58.9746910673271
8481,-17.8308446814031,36.9458683715988,58.75336706865
8482,-17.863277209102,37.156209085196,58.6475569123673
8483,-18.1795171740049,38.333829527504,58.0812880578963
8484,-18.2530749406786,38.2696934430921,57.7263903187853
8485,-18.3523609073963,37.3893407742735,57.5305216107623
8486,-18.3558266006942,37.2909860381797,57.5660454891455
8487,-18.3769012343023,37.4230269214117,56.7148591477682
8488,-18.3861351343392,37.4688111670568,56.6696194056665
8489,-18.3661751655141,37.3540961045487,56.1050102959028
8490,-18.3648880404589,37.7365950666753,56.0621146280884
8491,-18.1367950007801,36.8949064425911,55.6051657563822
8492,-18.1367950007801,36.888692688113,55.6598534976063
8493,-18.1378281778552,36.8657585527404,55.6629744620894
8494,-18.7352455097596,35.8651976525763,55.9681468829129
8495,-18.7942659903406,34.6647167144392,55.6815403459863
8496,-18.7942659903406,34.6209701434583,55.6803780351736
8497,-18.8128560021271,34.6029057895786,55.5418421753714
8498,-18.7882142706887,34.5019225804395,55.3909843065226
8499,-18.7882142706887,34.5020191935405,55.3692343879885
8500,-18.8420484106045,34.6725072771525,55.4294852911095
8501,-19.5395138828028,36.6973882673367,53.650409343272
8502,-19.5605104795199,36.7222689060141,53.6120240617858
8503,-19.5605104795199,36.6854180224792,53.6457339544957
8504,-19.5395138828028,36.8162170536085,53.6612700794396
8505,-18.8809837840645,36.8938963459496,56.5713447979536
8506,-18.8675760272468,36.8905421379302,56.6374112596753
8507,-18.8675760272468,36.905526763794,57.4221492677388
8508,-18.8912071824249,36.7362745628209,57.3233208513359
8509,-19.3600138665604,34.6693090791947,57.9054417845263
8510,-19.3651751105696,34.5508399876574,57.8965492467438
8511,-19.3651751105696,34.5371266709745,57.9090010969146
8512,-19.3600138665604,34.4811065045032,57.6105038154652
8513,-19.2972251918193,34.3373667488422,55.839938935002
8514,-19.2927885365567,34.4693327490134,55.8351388527527
8515,-19.2927885365567,34.4836234717019,55.8220012095702
8516,-19.3275878182302,34.4495843134979,55.8215691108429
8517,-20.6067076890628,36.9197953258776,50.4564145348743
8518,-20.6265715556403,36.9953241208429,50.5162370174156
8519,-20.6686826599426,37.1842401750657,56.6019779470405
8520,-20.6744112843175,37.3162063780248,57.5379825117777
8521,-20.4330005457033,41.2216769595577,62.4643726941637
8522,-20.3748954735857,41.098904146623,62.7895167993944
8523,-18.9960704452814,44.8401267781539,69.1521482514317
8524,-18.9862568986954,44.8284490531878,69.1587426686218
8525,-18.9862568986954,45.0674597928093,68.9415725771377
8526,-18.9960704452814,45.1644387012643,68.7845742481786
8527,-19.6293202716085,44.3568906057179,65.1743485464488
8528,-19.6578405734514,44.2260644763457,64.9427454596171
8529,-19.6578405734514,44.2260644763457,63.4381561293085
8530,-19.6488567517044,44.1816771335891,62.8159593902976
8531,-18.8322149546327,44.8471997648756,65.0553612569615
8532,-18.8151749454826,44.8424521274775,65.0942178787257
8533,-18.2146963618393,47.8094252866624,67.0345051423222
8534,-18.2279747445568,47.9313568030475,67.1247393358913
8535,-18.2391064015193,48.0067235019634,67.7601091136565
8536,-18.6481391812356,50.0549605408988,65.9676099852636
8537,-19.4103590417911,46.3118845811235,61.6619877976048
8538,-19.4176683694706,46.2868329329317,61.6867162284458
8539,-19.4176683694706,46.3829895679772,61.6949469230696
8540,-19.3495553873678,46.069112532156,62.0122040701323
8541,-19.1668837444777,44.2999824922852,62.5587575076556
8542,-19.0845546888426,43.8900381413329,62.7485813788953
8543,-18.4433629278919,40.6945060322035,58.0483128416518
8544,-18.3627007576374,40.2884466576535,56.308923257029
8545,-17.8009510295622,36.6214654113433,59.0939695445588
8546,-17.8242708628492,36.7317036236496,58.9786083150083
8547,-17.81923244706,37.1827656746735,61.3871769896125
8548,-17.8406513160001,37.2914661232386,61.4871545618589
8549,-18.3325609106651,39.7679107707494,59.0804558308232
8550,-18.3492289893224,39.908585214378,58.8554065161897
8551,-18.3492289893224,40.8233061389432,57.4938040967115
8552,-18.3303539191203,40.7581052081456,57.489203921446
8553,-18.3326066832023,40.7610917301432,57.376246845441
8554,-18.3650413785035,40.8151394693063,57.2946799359479
8555,-18.2648516365645,38.888528105173,57.7550390491274
8556,-18.2538822680981,38.8328036105398,57.3694396834462
8557,-17.8188042024271,36.8163894022272,55.3959836511476
8558,-17.8075418355994,36.8420515859938,55.4521693487719
8559,-17.7219214872665,36.7307759718467,55.542931033376
8560,-17.7247700774454,36.8911110552042,55.3641424156608
8561,-17.7247700774454,36.8871268996566,55.3308476185961
8562,-17.7648338064852,37.0926109283452,55.1244457538566
8563,-17.8308132718597,37.3111501555875,54.8006709712017
8564,-17.9175092927783,37.6940817236295,54.6062023005029
8565,-18.4969420652124,36.5972253706044,53.0555899624141
8566,-18.518948780346,36.4810839032535,52.9842474277566
8567,-19.6197334663686,41.9407976618306,53.5624688628861
8568,-19.6197334663686,41.1954001535575,53.592315282305
8569,-19.6197334663686,41.2079938800148,53.5803061955782
8570,-19.4213636994853,40.1977013456742,54.3977860533262
8571,-18.8131153270303,37.9397541155352,56.0098064664417
8572,-18.7961912193776,38.0560819206576,56.0722703514208
8573,-18.684676555037,37.6248699572558,56.3861078040428
8574,-18.6112752621052,37.6055565737721,56.6869751509575
8575,-18.4638557037378,39.8801542353398,57.0824155802677
8576,-18.438050886138,40.0966677741988,57.182707451658
8577,-18.4429078934287,40.1261865401092,57.0426661984087
8578,-18.475359688494,40.3040969066152,56.9000009812289
8579,-18.5611687761951,39.7430632819638,56.959803642155
8580,-18.576041497802,39.3766800390718,57.1714073034327
8581,-18.7769781141987,39.2869564595052,56.6307985888353
8582,-18.79147658523,39.3252990923237,56.612526806722
8583,-18.9731933751323,39.5233610760743,55.8341771043251
8584,-19.1815578540353,40.4752948057147,55.168711785692
8585,-19.2608627489873,38.6110271708494,54.5056061073449
8586,-19.2608627489873,38.5393475227354,54.3206194544759
8587,-19.0955369393383,37.7624773492111,54.7862283669677
8588,-19.0365505527041,38.0496886263373,55.0031630661653
8589,-19.0365505527041,37.6786284457008,55.0208485522904
8590,-19.0390784008629,37.5335330439295,55.016644781518
8591,-19.1113537096142,35.7709823432416,56.9434067898821
8592,-19.1113537096142,35.733161899627,57.0682006811848
8593,-19.1113537096142,35.733161899627,57.0682006811848
8594,-19.0709406636173,35.8641526907313,57.0987696401653
8595,-18.3130443272934,37.450161332328,57.8126743529632
8596,-18.310219398586,37.5693087128325,57.5303961589767
8597,-18.310219398586,37.5855425221874,57.5152603460888
8598,-18.3523860377096,37.3126377520847,57.4804296227727
8599,-19.0543859104133,37.5079396431252,57.1086917401978
8600,-19.0682163992156,37.4896038632143,57.1221316318799
8601,-19.2505336225648,38.1731481294963,56.3654924908521
8602,-19.2420594112779,38.0523566622039,56.4222129622129
8603,-19.1427173982576,37.6238876121928,56.6262473308789
8604,-19.140299652211,37.8535130580304,56.5722449757152
8605,-18.5334085954874,36.6311857974739,59.423788451792
8606,-18.5234909604087,36.6059974274688,59.4498552542813
8607,-18.5234909604087,36.6059974274688,60.0881021389835
8608,-18.6729025248084,36.609196442066,59.5819928486213
8609,-18.7580276842278,36.9614629690367,59.2310782422188
8610,-18.8176951767165,37.2570693836386,58.9393408485489
8611,-18.9099754726034,37.6248018387771,57.6913536147471
8612,-18.8552660917481,37.461873449054,57.5095955522931
8613,-18.8552660917481,37.5838152944488,57.4654486461138
8614,-18.8725869158482,37.3307437630779,57.3797828166989
8615,-19.4637840143577,36.2661565772173,55.8458944438794
8616,-19.5220690403051,36.2743360624036,55.6600993853563
8617,-19.5220690403051,36.2604316832663,55.6480274736016
8618,-19.4973490354278,36.1292180196471,55.6852540479328
8619,-19.3956001004528,35.8947323920934,55.226559422368
8620,-19.350473574673,35.9343619242821,55.2145643993555
8621,-19.22217663277,36.0985794106997,55.543775927934
8622,-19.2115692872139,36.1279086582993,55.5450531013172
8623,-18.9068832199195,36.6717954454649,56.9210142441372
8624,-18.8850152083704,36.8358343620907,56.7670920581523
8625,-18.8031280228797,36.6204551583559,56.868411074047
8626,-18.7434979468968,36.7467721416308,57.1317060440841
8627,-18.4224322417446,35.4546723026522,57.3882025063105
8628,-18.4055637303656,35.369075344998,57.054958850452
8629,-18.4055637303656,35.3372119251468,57.0693572691945
8630,-18.4224322417446,35.3121582816941,57.1494491275298
8631,-19.9157916665999,35.9387784916378,53.1558850070112
8632,-19.9251588020898,35.8805049600103,53.1878649296769
8633,-20.0358573780129,36.4296250205367,52.6938050416933
8634,-20.0273106929248,36.4617912094467,52.6532424151264
8635,-20.0180942004015,36.5042319164708,52.4177510373749
8636,-19.0827067284592,36.8108783531038,53.5784362598931
8637,-19.0827067284592,36.7914462165657,53.5973930405366
8638,-19.0827067284592,36.7914462165657,53.5973930405366
8639,-19.5481697654778,35.5359316203612,55.2528325013201
8640,-19.5801441372987,35.6320898990576,55.1093516229632
8641,-19.5801441372987,35.6320898990576,55.1093516229632
8642,-19.5787407949976,35.6891609971419,55.0475127031025
8643,-18.4617795453948,36.1177431815544,57.2251265255936
8644,-18.3940310353451,36.1269630256541,57.4502139819929
8645,-18.132530442044,35.1614479758998,57.5076119889644
8646,-18.1337631474915,35.1780652095151,57.4913798931477
8647,-18.1607435073766,35.2378012633814,57.3519276597844
8648,-18.3254237412036,35.9827299949054,56.5857240266383
8649,-19.0496734818242,34.1431714258084,54.783951938317
8650,-19.1394710015129,34.0796346345673,54.5948619969113
8651,-19.3784077535107,35.0120030163946,54.1937951308421
8652,-19.3815035502332,34.2952322155187,54.3065146215888
8653,-19.3904055245858,34.2729065083607,54.7656029642183
8654,-19.3916683614616,34.2638615876582,54.7618919000461
8655,-19.3161283092655,33.9434318821231,55.0642765392152
8656,-19.2929322704419,34.5812786931564,55.1411555135705
8657,-18.199280915383,34.7395679066714,57.8593725513337
8658,-18.1677817000065,35.0755994886002,57.9011046933763
8659,-18.0112220430416,34.2791653672569,58.6543773986738
8660,-18.0098244996642,34.3981025515662,58.5707812172419
8661,-18.0217497139755,33.9303009295177,59.257138686887
8662,-18.031525263682,33.8673482619468,59.5252944921605
8663,-18.3847252122822,34.9198424242787,59.2419732142098
8664,-18.4196872176816,34.9864048736069,59.1950654608217
8665,-19.2373162886187,35.5861224697427,55.1863545424174
8666,-19.2601783706129,35.4299742710963,55.1454345099
8667,-19.508152944337,35.1930062078549,53.8655581354434
8668,-19.6470592248383,35.8494255554321,53.1269262826374
8669,-19.86360404276,35.6572338673074,51.552747074349
8670,-19.8748261101923,35.5859869004044,51.4352981519216
8671,-20.2271289135237,35.3103539791492,55.9627750959414
8672,-20.2824265989133,35.4221065945983,55.908730075049
8673,-20.7324193174995,37.3164383147655,60.146128968988
8674,-20.7366699882979,37.3214730059106,60.394569521259
8675,-20.7678160116223,39.477855952956,62.6096867697524
8676,-20.7786684718049,39.5729326659658,62.5784082053151
8677,-20.7236723677041,43.9219682403526,62.8770523714529
8678,-20.7236723677041,44.2583123502562,62.7966156696245
8679,-20.7236723677041,44.879610934232,61.948874867368
8680,-20.7620840661637,45.4011439903073,61.685881346542
8681,-20.7530802717708,50.4838277723027,59.3510268338757
8682,-20.7460650490629,50.5532483969093,59.3560316588226
8683,-20.2663139106288,48.2018425735278,53.6700663493988
8684,-20.1406930862684,47.5069636215721,54.2190005808421
8685,-19.8872479237584,47.30526699201,55.2888200184091
8686,-19.8561184976971,47.189343983208,55.3512498806826
8687,-17.9503682115628,41.4433426308154,60.9631908509707
8688,-17.9251749098357,41.313082204943,61.0240843540919
8689,-17.9251749098357,41.313082204943,61.0240843540919
8690,-17.9344161984821,40.8467838332134,61.199332999739
8691,-19.7148565374712,43.980835276157,56.5393337232883
8692,-19.7512788025972,43.9367229820774,56.4718619868695
8693,-19.7512788025972,43.9367229820774,56.596952476625
8694,-19.7148565374712,43.9163316932864,56.6009562731838
8695,-19.2529198197591,43.7263327548869,50.183712128938
8696,-19.2256122193219,44.285720173026,49.1470605288317
8697,-18.35793945621,44.7961053431589,50.9428011982262
8698,-18.3445615777209,44.885992965517,51.9401659766196
8699,-18.3229775110993,44.6212147283562,53.5007616905838
8700,-18.3280542226305,44.5485888986479,53.5306715639288
8701,-18.3441037923581,44.4565355933093,55.9432393215352
8702,-18.3806236593668,43.7353206686484,56.6430475522728
8703,-19.313823833156,45.9395488016911,52.2964961117239
8704,-19.3366191400473,45.9287858063075,52.5008421717804
8705,-19.8194667992246,44.4774639850346,51.394906074204
8706,-19.8256124438725,44.4748739798303,51.1847546663618
8707,-19.8387408762638,43.7727307664436,51.0819635338155
8708,-19.8242317790354,43.3385098620105,51.1825745044407
8709,-19.7895663494899,41.9574391537725,51.2413080831909
8710,-19.6086364407008,40.9542406808046,52.1893160792737
8711,-19.5140805103062,40.5205176657134,52.5200183486774
8712,-19.492246490733,40.4364239932075,52.3145000645048
8713,-18.5523446654736,42.1617110656887,55.1628568072734
8714,-18.5110363985945,42.0253901109195,54.9156267398547
8715,-18.5110363985945,42.0814184828166,54.8569754460878
8716,-18.5110363985945,42.0386299067672,54.7096700039036
8717,-18.5608494730553,40.3781854685422,54.4374930719642
8718,-18.5826414288988,40.3088120511503,54.2849502180048
8719,-18.994414394179,41.4026235008296,52.6483209975436
8720,-19.0648962027826,41.6285549918638,52.8384910025201
8721,-19.4112960571498,41.0869182720434,52.295355316525
8722,-19.4394416993612,41.0694260292959,52.1072873519133
8723,-19.4376123271977,41.0139750150591,52.1324678675626
8724,-19.4625688011864,40.9398610312865,52.0516531008631
8725,-19.6855923545009,41.1276210164829,50.9820133451236
8726,-19.690272975153,41.0316004326563,51.1581281823679
8727,-19.6842640902297,41.0046983217164,50.4473105972458
8728,-19.6734971402232,41.0655771134406,50.2515624699299
8729,-18.6178548984924,39.557865306445,53.8004265998889
8730,-18.5871935015499,40.1517907044536,53.8037201133535
8731,-18.5871935015499,40.0273689283951,53.774893273416
8732,-18.5999922896987,40.014433958464,52.5482940103023
8733,-18.6297238130934,39.4383556816235,52.6504931155
8734,-18.6558695292796,39.5661489369048,52.6992318326149
8735,-19.8905478828482,43.3841980657974,50.7782203282434
8736,-20.0061134836923,43.6168935387248,50.1947825018807
8737,-20.7041366271008,41.0179471598902,49.2248856194228
8738,-20.7041366271008,40.7201243828342,49.2182409592767
8739,-20.7027275927105,40.8420081606417,49.2255427083422
8740,-20.6547856816556,40.6132771355952,49.4313922130116
8741,-19.8382104980975,37.7393135159527,51.2431329540438
8742,-19.837867788482,37.8659795212712,51.1605196956435
8743,-19.3194604567516,38.9468975448129,52.9347640298384
8744,-19.2197173878204,38.607663424408,53.3313825579311
8745,-19.1655841688798,38.5025269426642,53.5629144378557
8746,-19.1515254307219,38.7879925001803,53.5978376978431
8747,-19.1515254307219,39.2134782617999,53.5760979444009
8748,-19.184707913616,39.3864878529564,53.4777071605833
8749,-19.4742133244477,40.7943683516618,53.8591003931626
8750,-19.5260788661609,37.9143167189621,53.6661625094942
8751,-20.2758659237102,38.3209515719014,49.9009562967184
8752,-20.4041228654639,38.7543930464576,49.2767112636611
8753,-20.7687650987125,36.9347125087002,51.8678607749615
8754,-20.8051461641223,37.0717356373207,52.0224867851041
8755,-20.8229201741635,36.9840193339302,55.8398090173244
8756,-20.8220866583584,36.9889211569582,55.9096352620127
8757,-20.8165635367668,36.9544974023448,56.0293534437699
8758,-20.0969186268086,46.8250288590084,59.3335733750671
8759,-19.9498316552097,46.4049195593808,64.9792055167913
8760,-19.9538017059815,46.4260886645092,64.9599349031626
8761,-20.0627389720935,44.8336474446399,65.3951215029634
8762,-20.0695267057958,44.8680878465625,65.3220316421672
8763,-20.0986608476485,45.0135057494773,65.1698675400875
8764,-20.1826370086222,45.7350098290761,61.1449676219622
8765,-20.1230993529087,48.1706588199655,55.6560399552054
8766,-20.105537136498,48.0934453388115,55.6248177917192
8767,-19.8638738800989,47.003150093616,56.1490607401491
8768,-19.8171664141848,46.9649069699901,56.2256956061279
8769,-19.8171664141848,47.0196974736937,56.2626691514593
8770,-19.8015209265807,46.9305042943376,56.3464003691641
8771,-19.8349112651681,49.1427343734767,57.7235545769425
8772,-19.821447901349,49.1933607453826,57.8279792013289
8773,-19.7920631797631,48.9379257117175,58.0203455791286
8774,-19.2636020829458,51.9656384311296,61.0715237411838
8775,-19.3468886255572,52.3384707240054,61.2788130535628
8776,-19.3477615776579,52.3199606969655,61.404879807298
8777,-19.8820328932076,53.9557999846058,58.7975565821242
8778,-19.9111493560646,54.0508574350924,58.7236736350183
8779,-19.7000604027131,51.1565647443096,56.9594181333328
8780,-19.655502178626,50.9357480481661,57.1916844901537
8781,-18.7950557050295,47.4158140385747,58.4807640480253
8782,-18.7910644761102,47.4829611928907,58.251555400376
8783,-18.7672146551076,47.3761551487346,57.7670677232048
8784,-18.7672146551076,47.7477192457504,57.5086261248516
8785,-18.7861853187144,47.7252257726163,57.1403276023673
8786,-18.8377846771404,48.0359253682065,56.7664987979953
8787,-19.6511826821711,51.1453293812916,52.9922431794094
8788,-19.6702707556548,50.6102476773852,52.9788123645882
8789,-20.5203100173906,46.1144029238592,51.6463582917985
8790,-20.5603764899617,46.1423565874155,51.534022799799
8791,-20.5603764899617,44.8027584190105,51.534022799799
8792,-20.4917512246605,44.502105140287,51.8382194758452
8793,-19.2650902135595,39.1483794837478,54.1452951495782
8794,-19.2413389049287,39.0974403330807,54.1414378931599
8795,-19.1513929339139,40.3894286331061,53.9526380669604
8796,-19.1063625859219,40.5855594341814,54.1957038700892
8797,-18.6820341038156,49.9120227370852,55.4173810463618
8798,-18.6558376159871,49.8716802829342,55.2974000467948
8799,-18.0791085433085,47.2244116355862,51.7741896140708
8800,-18.0773188269366,47.2871012223578,51.5775831302809
8801,-18.0773188269366,42.3669285162498,51.348129245458
8802,-18.0781097117034,42.3399294971202,51.2759800046212
8803,-18.632737300946,41.4659899951905,53.4204164095075
8804,-18.8068680963323,41.7868315614505,52.5868015749212
8805,-19.755033621128,39.5904322625356,51.6700752179249
8806,-19.755033621128,39.4502817658759,52.1937866186683
8807,-19.755033621128,39.3900336289708,52.380230852526
8808,-19.646763667859,38.9353859849431,52.5950398669338
8809,-18.6393145538909,38.4909430459125,56.7013597420961
8810,-18.6393145538909,39.0765514848157,56.7504452178998
8811,-18.6393145538909,39.0721861946999,57.8166712289243
8812,-18.8030321747911,39.3406362999469,57.1478263588363
8813,-19.160062329612,40.1503079491036,58.5449177925404
8814,-19.2014595394112,40.3567586073813,58.3927659595338
8815,-19.2476794200632,39.9560474251609,58.6319521731999
8816,-19.3511182364062,40.4778260717198,58.1018489277061
8817,-19.4303330335888,40.7376735316628,58.0216121799821
8818,-19.4385255316277,40.7071218502995,57.982538640951
8819,-19.4942326060716,40.6435992837408,57.7310154183751
8820,-19.5178628012573,39.6799478114414,57.75723573655
8821,-19.5028286974032,39.2310519735006,57.8227685997075
8822,-19.4979174825995,39.1768634243133,57.8210393536179
8823,-18.8816566813158,35.6664312965645,60.238819111223
8824,-18.8816566813158,35.9393435314327,60.2342350910055
8825,-18.8816566813158,35.9118490264703,60.6648723824946
8826,-18.9046667135024,35.7592776468295,60.8515053944888
8827,-19.0313987728755,33.4180415742118,63.6419101752071
8828,-19.0546591284358,33.455658706288,63.5277991062204
8829,-19.0600478864989,33.490136270499,63.4950496443213
8830,-19.1030468469947,33.8763541826274,63.2442089977504
8831,-19.2651257654889,34.769716560349,62.3209582783144
8832,-19.4015995179035,35.3754980996688,61.6416239691566
8833,-20.2172691378435,37.4824238875239,57.9249870502513
8834,-20.2425326324141,37.3503719910933,57.8919834662047
8835,-20.2597307638554,37.1915445133686,58.131197725947
8836,-20.3216566712504,37.2652925578245,57.847894947257
8837,-20.3216566712504,37.2576196794638,57.9982837242476
8838,-20.2234504474604,37.219497708142,58.2424669991407
8839,-19.5915918004412,38.0596570229414,61.1307105294382
8840,-19.6083799080609,38.3600356805629,61.0306175843054
8841,-19.5176749399769,39.3681960728934,63.7579212117855
8842,-19.5572838904766,39.6762975428528,63.7409200780397
8843,-19.5968790110587,42.1181755409478,64.7696331195597
8844,-19.5899511392086,42.0448104494308,64.9582506130479
8845,-19.5899511392086,42.0833268458025,65.0065078687869
8846,-19.5967102809495,42.0917000957624,65.0096559629528
8847,-19.9141217389722,44.3581333707195,63.5957017802304
8848,-19.9686078628849,44.8567569047066,63.5066384966194
8849,-20.5024233355654,47.5890583011054,61.221365961041
8850,-20.6060607969622,47.6782963462141,60.8698683395558
8851,-20.6060607969622,47.6782963462141,60.9225356198095
8852,-20.6060607969622,47.9524402430316,60.8936908998482
8853,-19.9993714774864,47.8427547785952,63.5995464658751
8854,-19.972603922651,48.2785109066534,63.4546631357368
8855,-20.0403123361556,48.7814848391324,62.0061066464394
8856,-20.0801023635131,48.9670269516639,61.8172584555908
8857,-20.272763208722,47.4358581876306,63.769144441761
8858,-20.2940253270552,47.500580359699,63.812844228783
8859,-20.6289094708948,46.3213967391211,62.8351187132391
8860,-20.6594732824798,46.4064533309359,62.7692609519103
8861,-20.7965191141216,45.5654374108041,62.2321439929837
8862,-20.7944148794652,45.0452268016508,62.3241505002726
8863,-20.7473940350858,43.4646402414146,60.3532398810448
8864,-20.7297396601109,42.4237976395517,60.2432125196777
8865,-19.722451243133,37.8285356932785,60.3824702630378
8866,-19.6837813085938,38.5824790493485,60.2611960247587
8867,-18.6065167065829,37.820253604475,64.6668931777793
8868,-18.5674643158847,37.6893855345518,64.5724108982233
8869,-18.3550857378162,36.8613268080252,65.1456818731438
8870,-18.3890082983874,37.0780239585482,64.8441960413016
8871,-18.8393870056975,36.8942815405687,62.055523844011
8872,-18.8414451184906,36.7870291398029,62.0763902832916
8873,-19.7157188815971,36.0076618713157,60.5695624968192
8874,-19.7874255174825,36.017399171658,60.2928464316896
8875,-19.9861841806299,34.192956183276,59.57537800705
8876,-19.9999904411803,34.2584639024793,59.6229184930489
8877,-20.0149002809156,34.6129122272363,58.986786915224
8878,-19.9569176576556,34.4223971827345,59.1548931007309
8879,-19.9230119172202,34.3834282446996,59.15824209658
8880,-18.6050358093458,36.397996480978,61.933910853839
8881,-18.5100191854535,36.490889123323,62.4135038962793
8882,-18.5098582268893,36.6068310636073,62.414316194987
8883,-18.9713485862,38.5074834364107,61.8992093679765
8884,-18.9964157098272,38.5400717661841,61.7798693807632
8885,-19.0089388833204,38.5806187432647,61.7343375936391
8886,-19.6328726283712,38.1716525856947,58.2507789143152
8887,-19.6400608169398,38.0942465295216,58.4122672723327
8888,-19.8958381844951,36.06477080872,57.2128797977143
8889,-19.9543469633731,36.1359345919287,57.8108505580822
8890,-19.9574733487067,36.0443860237336,58.0015367569958
8891,-19.7920412765488,36.1434304265099,59.0630957505733
8892,-19.785281662559,36.0556297139871,59.3137454717082
8893,-19.5959273986144,35.1098772852846,60.2028539160121
8894,-19.5606365293705,34.9239129273259,60.417858948227
8895,-19.5279732765771,34.0793036612989,60.6806333074071
8896,-19.579021492359,34.1726563917766,60.5311161132371
8897,-19.5497510306575,33.3694968875012,62.6409146820183
8898,-19.525206676528,33.087244638155,62.9017133411938
8899,-19.516273054098,33.1767457301897,62.9445289750344
8900,-19.5023172455792,33.1458727912853,63.0116723048446
8901,-19.3287304249037,33.6851312192577,63.4726487444442
8902,-19.2872747287345,33.571639447967,63.614058314398
8903,-19.2872747287345,33.7553787672321,63.475659697583
8904,-19.3440843012257,34.0403786088952,63.2448129856385
8905,-19.6558456543591,34.0008692587201,61.640929400324
8906,-19.7017691692058,33.7926473779171,61.4275636063769
8907,-19.931669022904,34.867029401137,60.5703605198523
8908,-19.9356753148687,34.8628521360272,60.5242766071872
8909,-19.8768876954729,35.3358230068754,60.2979097114098
8910,-19.8558691212631,35.3787311786805,60.5194284977378
8911,-19.5960129459906,34.5970146315349,61.9583629225996
8912,-19.5485514320292,34.4105940421303,62.1804136125195
8913,-18.9766440260154,32.866126411165,65.0220147529347
8914,-18.8521584487534,32.3121457204413,65.6350926925116
8915,-18.8521584487534,32.8702056119393,65.674767304426
8916,-18.8642467492666,33.0073196830952,65.6157210415386
8917,-19.0435139398601,33.9466015769945,64.7325402199269
8918,-19.0540426501111,33.85090643074,64.691961201766
8919,-19.8221724946066,35.2756951336906,60.9735657144814
8920,-19.9542316291097,35.4100557564869,60.3462004781051
8921,-20.7792770544872,36.9135420689617,56.8185084734448
8922,-20.7830104507265,36.8128156491734,56.8294454004637
8923,-20.9138575245882,37.4484802008645,59.4834731623724
8924,-20.9270772039503,37.9012458860579,59.5699519449017
8925,-20.9634303356796,37.7871960186345,59.6650885216735
8926,-20.8699392339134,37.5877357874952,60.046308250512
8927,-20.5762620379162,38.9012831474136,62.6220950949202
8928,-20.5515540420627,38.8001687959996,62.764741109799
8929,-20.6269929886548,39.076415190789,63.7475768943357
8930,-20.6555118500782,39.1669407703079,64.2130806482463
8931,-20.6681314180203,37.9654500059241,64.1550044454251
8932,-20.6689892627324,37.8026074539562,64.1510564343931
8933,-20.6917455274018,37.8624960123573,62.8280574250909
8934,-20.6933921698181,37.9945342319447,62.4941059854781
8935,-20.7451483553226,38.2342551789093,62.2224633688991
8936,-20.7915818908635,38.4363597273076,62.2283809129093
8937,-21.238796532916,43.2777636405146,60.1481419314029
8938,-21.238796532916,43.2730061150825,59.8635233423648
8939,-21.1074611429738,52.5939159419138,53.0364455445406
8940,-21.0443595954392,52.8000130886209,52.8564024189298
8941,-19.9722688948814,50.0446828279745,53.3287721081753
8942,-19.9548784177441,50.1651708742416,53.3669235461267
8943,-19.8723884243662,49.7446221599577,53.9910558287178
8944,-19.783304558895,49.2894761360758,54.4565352745187
8945,-19.6037874827158,46.933223183319,53.7813673410694
8946,-19.5905671591637,46.5907427384721,53.897155215669
8947,-19.5905671591637,43.4615482366602,54.0637974081655
8948,-19.6370854447653,43.547103186883,54.0156082043671
8949,-19.6370854447653,43.2242954903811,54.0911062099788
8950,-19.6238462908305,43.1340426833643,54.1261412443136
8951,-19.1632043217069,40.838979278585,54.7097450439049
8952,-19.1489532312978,41.107201049573,54.5886044351936
8953,-18.4153737526951,38.6845146050239,57.8321463864694
8954,-18.4061614305253,38.6569265699255,57.8776830497017
8955,-18.4061614305253,38.6569265699255,57.8776830497017
8956,-18.4098884254987,38.2984208371458,57.9619629657802
8957,-18.7877694553567,36.2120885859255,56.1769577659169
8958,-18.8920426015654,36.2612830118575,55.7254229808236
8959,-19.0075570943907,34.7834991408453,55.5227029016503
8960,-19.0204351837487,34.5527363719876,55.4605030772394
8961,-19.2617892648082,34.9691942783631,55.1962446742218
8962,-19.3150168858996,34.4925433580945,55.0153541665306
8963,-19.5559091178926,35.6285557614304,53.9775874956239
8964,-19.5551347956069,35.6226560509189,54.0260317251613
8965,-19.5551347956069,35.6241389143039,54.1225461196852
8966,-19.5283483264695,35.7301866856078,54.2599138172701
8967,-19.363514148781,39.2910090147255,54.6322740668465
8968,-19.3343787471528,39.3873696651759,54.6899648567116
8969,-18.3100156871514,38.3855166054083,59.3891715488783
8970,-18.3007304532344,38.4990009689695,59.3810128892373
8971,-18.2897715139022,38.5395927736406,59.37169462651
8972,-18.2897715139022,38.6029901697683,59.3346698944559
8973,-18.2943997761094,38.6024329724434,59.3425549629854
8974,-19.2307688918312,39.5407621953105,54.9760363583725
8975,-19.2384942288848,39.2982264258157,55.0543825613022
8976,-20.0218098084871,35.2908771349186,52.1296150388405
8977,-20.0346328036876,35.237711584089,52.5628656516907
8978,-20.1048913050982,34.707958465522,55.1835361457016
8979,-20.2088079610329,34.8744877140784,54.8502449984563
8980,-20.2220557183942,34.5761608023183,55.7356920728372
8981,-20.2257798980242,34.8835299229403,56.4681090798975
8982,-20.0961172601256,34.1651336655051,57.7331196638236
8983,-20.0451156497673,33.9389523973648,57.9893859928055
8984,-19.5386135838226,32.6028851646213,61.1852752061104
8985,-19.5044814315527,32.4279366792363,61.6155106483182
8986,-19.3598178126595,32.7114153276929,62.9729715753377
8987,-19.2717403937994,32.3021714463912,63.4907764489901
8988,-19.1249461666535,31.6371640781152,64.2104209931742
8989,-19.0828573054748,31.431733888277,64.3806559999747
8990,-19.0828573054748,31.4612795413466,63.8768662172572
8991,-19.0797912522384,31.3512518002749,63.7702159271053
8992,-19.405469072113,31.7602176545923,61.8218237587863
8993,-19.4257314159813,31.8709973178339,61.6514448144257
8994,-19.6446252198549,32.9799693683989,60.2233873346975
8995,-19.6414637413088,33.029015908233,60.0231234970462
8996,-19.673994496895,33.154571630655,59.3180779267232
8997,-19.6686906577009,32.9286250731924,59.3119483213471
8998,-19.6189906199299,32.9776694071338,59.4169987502439
8999,-19.5116693887566,32.4697515745746,59.9610999138503
9000,-19.1756813740786,34.9514282914398,61.3132322723611
9001,-19.1579839175842,35.0400014862685,61.286617243583
9002,-18.6849990611449,32.3160647907285,64.1546892130146
9003,-18.6744034202227,32.430741708914,64.2207248135794
9004,-18.6744034202227,32.4474940384573,65.9284940274528
9005,-18.6849990611449,32.2122569222859,66.0093345179526
9006,-19.8811974725486,33.7700688382098,60.9669088425208
9007,-19.9412059252272,34.1112245217987,60.779377680919
9008,-20.81408729785,35.625575537665,59.0477072615619
9009,-20.8867043993362,35.9368831626732,58.9434693079802
9010,-20.9293105711481,33.5617910640301,61.7124568379766
9011,-20.9518046841918,33.5747749493232,61.8411769844544
9012,-20.9494239841642,33.5807150175834,64.2765286297603
9013,-20.9454995477826,33.5855251344569,64.2733235123234
9014,-20.9257586994952,33.5077731298372,64.3629879102796
9015,-20.6293948432694,37.7349232565748,63.2619117626866
9016,-20.6137023036185,37.6684761680034,63.2763178788786
9017,-19.7797886766456,38.7341459646426,65.9725920399777
9018,-19.7797886766456,44.2594644410055,65.8744781339436
9019,-19.7797886766456,44.4520470758592,65.7280587677481
9020,-19.7685493827653,44.4923291595137,65.8224732780951
9021,-19.774704375752,44.8247913887715,65.578704042443
9022,-19.7970991482484,46.5898553995891,64.9688094523065
9023,-19.8363581387215,46.777062802228,64.7273786270278
9024,-19.8996143959463,49.7181358012587,62.5512804255625
9025,-19.9747994550663,50.0340710726442,60.976873243727
9026,-20.2095814396949,50.868526999403,59.5742331768138
9027,-20.3104957646796,51.2948381318947,59.0996344384094
9028,-20.3104957646796,48.6291648042632,58.294708674964
9029,-20.3047533135444,48.5382770034155,58.1494972791593
9030,-19.3189486558393,43.769842627989,54.4144572594388
9031,-19.222286880766,43.412416609478,54.8531066298926
9032,-18.8929855000762,45.3896650770097,56.0178712100616
9033,-18.8539895810614,45.274399598119,56.1200764801014
9034,-18.4819902291411,43.6080555660046,58.0001590388941
9035,-18.426705999812,43.3660204720713,58.1711733861349
9036,-18.426705999812,43.3367602913713,57.4945228865197
9037,-18.4680210879309,43.4629161989678,57.3773348912568
9038,-19.6066170452823,44.7870113187519,51.8927197698119
9039,-19.6469504619496,44.091414414694,52.4087454156513
9040,-19.6469504619496,40.443280374506,52.4908658441389
9041,-19.6232781824813,40.2276135359685,52.3997974286687
9042,-18.8710219294877,36.5567267158356,55.4575242672562
9043,-18.8348887622807,36.5459680594783,54.0677502790783
9044,-18.0534113529856,35.1737342135314,57.7347370153878
9045,-17.9950384282109,34.9438132784505,57.8924539712712
9046,-17.9950384282109,34.9393396094523,58.7965764070471
9047,-17.9983579599341,34.8525688353015,59.0453211372362
9048,-18.5501715157206,36.7187822826074,57.3500090108538
9049,-18.5806993875948,36.5758311569633,57.4907954041595
9050,-18.7102973043138,36.8343145568258,56.8942013033288
9051,-18.7246634837033,36.8560725857587,57.255164532547
9052,-19.1211889718111,36.0418728289022,57.5569128606597
9053,-19.197833526709,36.3703170905533,57.5715003732192
9054,-19.5897593279358,36.9313061041911,58.3171227269547
9055,-19.5952169216878,36.9008945727542,58.3979749527011
9056,-19.5952169216878,36.903207838294,58.3957316279607
9057,-19.5729832739393,36.8356047829288,58.4392441424488
9058,-17.9526621882931,36.2582026815348,65.3787664465428
9059,-17.7987608795812,35.7370249714728,65.9504872300162
9060,-17.7987608795812,35.7370249714728,66.0698398358981
9061,-17.7987608795812,35.6740466525228,66.2632323975842
9062,-18.4886223442834,35.0870421192402,64.1502530917934
9063,-18.5020898154738,35.0965898139015,64.0885185627961
9064,-18.5025002093613,35.0606579887356,64.0975057292676
9065,-19.0377296108948,35.4938373297829,61.0574867449279
9066,-19.3021506255315,36.2851458393288,59.6872344665773
9067,-19.3284395507181,36.11025234701,59.6701030688136
9068,-19.5132598010271,36.8187009883883,58.810489970533
9069,-19.5185202791557,36.7828858826703,58.697838911669
9070,-19.5185202791557,36.5743946623279,57.9581193747519
9071,-19.5037960815348,36.5244762317449,57.9952366555834
9072,-18.0839156914384,34.1206056422211,59.6881223890801
9073,-18.0382119188353,36.872656277704,59.5293345970621
9074,-16.9157079260043,35.6929944580393,61.7196823535731
9075,-16.8199967932387,35.6112667803091,62.0947549236799
9076,-16.6882543498767,34.9452870310647,58.8494549193527
9077,-16.6721491430602,34.8210333277149,58.9241675735823
9078,-16.6721491430602,32.2378538177443,59.0734233442865
9079,-16.6756050493666,31.3738956927819,59.2417686416616
9080,-16.6188773929516,29.7012248578469,59.5291808248162
9081,-16.595217383105,29.1735100778844,59.6289377872362
9082,-16.5619367330365,29.253281871536,53.0686729211765
9083,-16.5220603767613,29.5199463046676,53.1923068607213
9084,-16.5225908858757,29.5237417830925,53.1885667900633
9085,-16.5241185712367,29.0572626964043,53.2906912490649
9086,-16.7833670555906,30.6855912376299,55.0419720438978
9087,-16.8132319165521,31.0496042607318,54.9352595984842
9088,-16.8132319165521,31.0723815512765,54.9125128641795
9089,-16.7774582555508,31.5252040471362,55.0265929200846
9090,-16.2767041813045,31.7088442170997,55.3457687268839
9091,-16.2073106508709,31.3559042422185,55.6894827244392
9092,-16.1984847776626,31.3040098719426,55.6916709927684
9093,-16.2716674240182,30.9241548974426,55.5976981985033
9094,-16.2716674240182,30.7245824015483,55.5708877265698
9095,-16.1971799428651,29.7105526317001,55.9438478059349
9096,-16.0704607132557,28.9950385070697,49.0693237121853
9097,-16.0088824721054,28.7170050593018,48.7653875478775
9098,-16.0088824721054,28.6936848248523,48.7318260581003
9099,-16.0088824721054,28.666029375679,48.7317191272626
9100,-16.8305637744034,31.0894196790209,48.0170664310104
9101,-16.8559319104749,31.1260231099448,47.9895414996157
9102,-16.8559319104749,31.1260231099448,47.9895414996157
9103,-16.8457605032329,31.058358883702,47.9706687366833
9104,-15.6787433072057,29.5339929497359,48.1022636912507
9105,-15.6764458228557,29.5452284713699,48.1181637768301
9106,-15.6419850164723,29.3891766583719,48.2946986214085
9107,-15.6689482171627,30.3452303914341,48.3707271433674
9108,-15.8389715112421,31.1856890488426,50.3878451604726
9109,-15.8497567544573,31.1815900210112,50.3901974227259
9110,-15.9396966157873,30.9086896792329,49.977178297862
9111,-15.9700603606499,30.5511749503355,49.4827491435763
9112,-16.0542487920152,28.7608909076943,49.0689060905563
9113,-16.0542487920152,28.7392851624863,48.8696387438712
9114,-15.9607939477127,28.2632534209444,48.8410479460841
9115,-15.9561782442551,29.9783266119069,48.7960347256012
9116,-15.4347400182102,28.9232379366581,47.7009827470035
9117,-15.3366740411237,28.4857255692561,47.7889552141103
9118,-15.3366740411237,28.7234561592499,47.7889552141103
9119,-15.3366740411237,29.1571849084408,48.1910298385283
9120,-15.407206651425,29.3090620765841,49.9342603887578
9121,-15.407206651425,29.5635722556809,50.4885567075234
9122,-15.407206651425,30.2345332883178,50.4885567075234
9123,-15.403155721041,30.639965429453,50.5090158319916
9124,-14.506059044214,29.6306771802672,49.5735215761651
9125,-14.506059044214,29.6735253851948,49.1572871723668
9126,-14.506059044214,29.6735253851948,49.1572871723668
9127,-14.515521446393,29.6686748353688,49.1236416873233
9128,-15.2274055314311,27.7367315560094,45.7674854039019
9129,-15.230364830924,27.2225110420868,45.7622714901114
9130,-15.230364830924,27.2118187770894,45.7907236733157
9131,-15.20754383988,27.1132711615655,45.8039837418631
9132,-14.8907370208863,28.7217108734605,47.1150959066649
9133,-14.7860929180066,28.5760098464471,47.4031055121955
9134,-14.7712789957666,29.1851830153848,47.3442307266861
9135,-14.6676471144288,28.6852634666959,47.7431798935166
9136,-14.6661185497515,29.8028566708885,47.7633894574985
9137,-14.6661185497515,29.7727858228116,47.8582821222124
9138,-14.6404800561108,29.7638582295512,49.6488631114784
9139,-14.7241411999336,30.2058627269638,49.4246773580501
9140,-14.7211122115515,30.1914570472807,49.4390216099218
9141,-14.7159067993389,30.1921154563637,49.4447416385643
9142,-14.7407210361338,30.2576145981677,44.9910235742414
9143,-14.7459344374794,30.2561848714253,44.9463341267369
9144,-14.7476838752742,28.189794128233,44.8998851031026
9145,-14.7788325341474,27.8435650851065,44.3047195657164
9146,-14.7721798070999,27.9903564116812,43.9081269796683
9147,-14.7346347336887,27.8552225378579,43.8798432833739
9148,-14.4551933703598,26.1713872517262,45.3546413754471
9149,-14.4551933703598,26.1960680895564,45.3863698471258
9150,-14.4551933703598,26.1884198101302,47.2056451839016
9151,-14.484695519935,26.2190158531163,48.0323605720852
9152,-14.74824959644,27.3116537353814,51.7464250116941
9153,-14.7605253797064,27.3393512291576,51.7225348901512
9154,-14.7605253797064,28.4734160030099,51.7242868079912
9155,-14.7436543192903,28.5480549519948,51.6579574758435
9156,-14.2939566338018,28.1566992306364,49.8539914254124
9157,-14.2575278352818,28.0258777946246,49.9687561681513
9158,-14.2575278352818,27.9022495882034,49.4998206617302
9159,-14.295702207006,28.0587632014374,49.2991000980238
9160,-15.8021399944824,27.5577093284144,44.7262052971372
9161,-15.8197256455767,26.6486611398629,46.9747945548868
9162,-17.1622967420407,26.9210958610746,59.1502909899577
9163,-17.4467564629703,28.2941250569286,59.3550499890119
9164,-17.5377524624591,28.7167028220872,66.8431323850097
9165,-17.5377524624591,28.7845921438293,66.9268382020679
9166,-17.5516746118016,44.6877378180745,66.8525437289019
9167,-17.4990068824585,44.6501050273509,66.8859375307324
9168,-16.8757553805637,42.855504395465,66.303907578276
9169,-16.8785405246166,42.869574178766,65.1862178439063
9170,-16.8929888619984,42.9385762074739,64.6877962931272
9171,-16.9105204478908,42.4637884131906,64.4630527801057
9172,-16.9972417629767,42.8859322911751,62.1438606170349
9173,-16.9912626128354,42.8563441744743,61.9656690933773
9174,-16.9896570752187,42.8600938111811,57.9612479831289
9175,-16.9814029917295,44.1295740862952,58.0054668025853
9176,-16.9814029917295,44.1204537720155,58.0097079733636
9177,-17.007737122896,44.1803712759376,57.9029970323144
9178,-17.0115491134015,44.7701002009616,57.937138575135
9179,-17.0187482939343,44.9032469812585,57.9214688985859
9180,-16.8928148337961,43.4720861137618,59.4383463808533
9181,-16.8628330781896,43.5169453807848,59.6353145102244
9182,-16.8995161357872,44.0224540402914,58.6249936804514
9183,-16.9175457083669,43.8573553149033,58.5124839114947
9184,-16.9385551847634,43.9273162224949,56.2404347523831
9185,-16.9286701227595,43.9019451775766,56.2346447324978
9186,-16.962600603725,39.8179490582008,56.0241263631595
9187,-16.9822217331315,39.6482800095897,55.9611092230695
9188,-17.312924667925,39.9963351499334,54.8909058868892
9189,-17.3379764079208,39.9888111801152,54.8083314746316
9190,-17.3243639263857,38.7252708954378,55.2603120328964
9191,-17.2897722765228,38.5505882482164,55.698441593821
9192,-17.2069103530468,38.1870225245009,56.1139816242371
9193,-17.1659404497433,38.0764371906431,56.0475785863151
9194,-16.8061426476075,38.9934017885148,53.1792872567201
9195,-16.7884870863946,39.2090879961906,53.0891695017983
9196,-16.8026228151666,39.3115276550668,51.8232808212481
9197,-16.8237662950762,39.4213565249375,51.7298329954363
9198,-17.3628297148352,35.9476305324688,49.7783529946313
9199,-17.3672000221722,35.8604119868783,50.1533497442242
9200,-18.2844922226496,38.551917494363,56.9267969348837
9201,-18.3262266607183,38.1067492531913,57.1848185093908
9202,-18.3262266607183,38.059891860787,57.2305690878097
9203,-18.2888309038214,37.8696329060366,57.4196635229484
9204,-17.6390482412687,38.7443070028965,54.2223457218461
9205,-17.5858920195323,38.7453232723984,54.1741279816681
9206,-16.9151001480201,36.5878159134017,53.9766118209218
9207,-16.8604559339447,36.3516913274276,54.2165823163174
9208,-16.8654139184765,36.5922183467508,54.2292559112167
9209,-16.8654139184765,36.2602713752888,54.3419026521842
9210,-17.1328696338835,36.6074673088317,56.1709036584795
9211,-17.1596674565513,36.2408126594429,56.0888862931519
9212,-17.1602299994257,34.8365079744443,56.2453067635731
9213,-17.1635579859317,34.8131714917878,56.3229798784669
9214,-17.6781221028571,36.0095301725506,58.0413855840689
9215,-17.697634254539,35.4494470009259,58.0615546782343
9216,-17.6321818811645,34.9607039080648,58.4901538354029
9217,-17.6264957590884,34.9180306815954,58.4658151865201
9218,-17.3021131471516,33.3008221541334,59.3571957016292
9219,-17.2895233826364,33.3906884207802,59.3187731580007
9220,-17.2549286128143,33.1176569548317,59.4038801850807
9221,-17.2694176629091,33.0879232311332,59.3768322949905
9222,-17.404876430593,33.1222959525759,60.1460408334756
9223,-17.4120275090597,33.1016954438992,60.2643298155836
9224,-17.4623140500895,32.7265428077685,60.1081437454537
9225,-17.4679885922233,32.7448841035398,60.2264643667112
9226,-17.5482540730953,31.9002466893417,59.0896862659415
9227,-17.542577148974,32.200846292533,59.1647687651055
9228,-17.542577148974,32.2010312166159,59.1779011272886
9229,-17.5693667392298,31.9964596924608,60.1808632824468
9230,-17.5693667392298,31.6383830454735,60.1952031912572
9231,-17.5636838626202,31.8851586716005,60.229173817871
9232,-17.2493882799566,34.397234564914,61.1965717510683
9233,-17.2166484200062,34.4465564915692,61.055075507316
9234,-17.2105233205434,34.4720106155668,60.9154548413017
9235,-16.7486594122555,33.2995687834946,59.0654336635088
9236,-16.7486571036396,33.3012823508303,58.9052165708309
9237,-16.7469604381561,32.8678266462513,58.770851564315
9238,-16.9149640011278,33.4269793424292,58.1313708842171
9239,-16.9305082157785,33.1482702992227,58.1532800999694
9240,-16.9615509028721,33.2548263680631,58.0754111888953
9241,-16.9850520447592,33.3206494778501,58.0295364200143
9242,-17.2710392171196,30.8519569481064,57.0309865886223
9243,-17.2721019612549,30.7237417164402,57.6990475693538
9244,-17.4310105126124,31.0909193452152,57.9704038994507
9245,-17.4425695509161,31.0097299239582,58.0027451209823
9246,-17.6687826995303,31.6906814558212,63.3600159862505
9247,-17.7030067800049,31.736603246269,63.8675304982592
9248,-17.8013003846878,32.2120461894356,66.1146844948815
9249,-17.8013003846878,32.2087312952779,66.2163008496447
9250,-17.412991217243,34.7975774105258,68.3402526104111
9251,-17.3738530220349,35.0723971548564,68.4259697056017
9252,-17.3738530220349,35.7199977562217,68.4466822883571
9253,-17.3777486047187,35.7581270445678,68.6228258316833
9254,-18.7209525899923,46.2156823557002,62.526375468953
9255,-18.7209525899923,46.1325254048393,62.7699159614926
9256,-18.7209525899923,51.8990218259314,61.7015392162121
9257,-18.5589466615856,51.4301679011964,62.332063936876
9258,-17.1974210682005,45.9690077076,67.4727304961706
9259,-17.1974210682005,46.0019464403332,67.4592026606977
9260,-17.1974210682005,46.0030964902049,67.3895212376354
9261,-17.3000966412509,46.3003299678315,66.8445529072888
9262,-17.3022008603816,38.8397264905154,66.0348282361373
9263,-17.3022008603816,38.8539014321078,65.972791465839
9264,-17.2986032483626,38.8768877571011,65.9298344170586
9265,-17.092577592042,37.8007098225133,62.4855787653752
9266,-17.0877825114496,37.774917292367,62.5107334500094
9267,-17.0693843126934,33.2467800866297,62.639718583393
9268,-17.7227563618241,36.1972869731422,60.0552264572209
9269,-17.7227563618241,35.3012525228375,59.9637860472567
9270,-17.7227563618241,35.2517684976979,59.8940089243527
9271,-17.7004285066279,35.0940682063362,59.8705182431189
9272,-17.7096855561679,33.1661857395795,59.6616859585425
9273,-17.7199622265455,33.1733034791727,59.6103683250061
9274,-17.9902631770431,33.9213112973845,58.448427305211
9275,-17.9892758076876,33.8435901893455,58.5203044403911
9276,-17.9778652483248,33.6823990824078,58.6719862973322
9277,-17.7417580414739,32.5781560509291,57.467187687659
9278,-17.7417580414739,32.9914038066743,56.4286611331681
9279,-17.7417580414739,32.9753983902722,56.4339306737432
9280,-18.0878265625116,34.246994807087,57.442539651314
9281,-18.0949806464915,33.4166710160108,57.4815492256643
9282,-18.5045302541108,31.9473883838831,56.717264683801
9283,-18.5045302541108,31.7319262469801,56.7105051209368
9284,-18.5045302541108,31.765343096144,56.6596127707741
9285,-18.2769150292957,30.7828106050145,57.5655526519939
9286,-18.2181217363044,30.4804024541568,57.0512535758748
9287,-18.2181217363044,30.3432162834348,57.0211111079449
9288,-18.0915903767428,30.5355370361846,56.5757843816566
9289,-18.0382318884639,30.2754671247735,56.9295711927783
9290,-17.7692406822423,31.7361466800132,58.3203728936936
9291,-17.7575815301541,31.8839386903528,58.2906437478005
9292,-17.4882260314266,32.8958858119577,59.1423338320707
9293,-17.4930142511076,32.9608345648799,59.0564371103023
9294,-17.4877741701226,33.3688624125207,57.2826810312724
9295,-17.5956241913857,33.8769925327191,56.7004275225598
9296,-17.5992011876225,33.6243827456224,56.6595587890377
9297,-17.5992011876225,34.0139936513813,56.5608255018191
9298,-17.5804802814704,34.0204616817105,56.5575047908396
9299,-17.5820733537682,33.9942100496261,56.5770983143473
9300,-17.5930551834933,33.7649396815085,56.6505757635294
9301,-18.4252833797611,35.1361535692933,58.0092163422031
9302,-18.4372699073465,35.1426998817608,58.0002817961258
9303,-18.4372699073465,35.1426998817608,58.0002817961258
9304,-17.2193163741775,32.9805785302064,61.0687128248244
9305,-17.1545678848751,32.8681918329596,61.1737798828669
9306,-17.1562730245238,33.0627927950497,60.9949666025164
9307,-17.1562730245238,32.9967235113586,61.0701268308762
9308,-18.1883868054059,33.487561592801,59.6783320827245
9309,-18.2135277171773,33.5619485482909,59.962957960839
9310,-18.5515990748723,31.9897544232042,58.5398532368893
9311,-18.5485807711606,31.720211267913,58.5555371487868
9312,-18.5298266076869,31.6004968203896,58.3776861071377
9313,-18.523032217855,31.7550481776284,58.1926361572725
9314,-18.247100012877,32.9189424979376,58.0972098553089
9315,-18.1992966362046,32.676844838541,58.2755896064934
9316,-17.5903305182253,31.9144952738084,59.084020081369
9317,-17.5634177800391,32.0884355326354,59.2018603074288
9318,-17.191859905219,32.8567671507821,57.3972415370327
9319,-17.1432100628779,32.6386603254537,57.5937375580421
9320,-17.1232291752858,32.667664245682,55.3994883485144
9321,-17.090769779709,32.554637510083,55.4497000982993
9322,-17.0445240703131,32.3661171813444,53.3158147661067
9323,-17.0364695586452,32.7864510149747,52.7122838007391
9324,-16.8734055675964,32.0182671510147,49.4113514195047
9325,-16.8306425665019,32.1281289061819,49.4184718915211
9326,-16.8306425665019,31.9455922737269,49.4336277716884
9327,-16.8537323101844,31.7105838263654,49.3279508570824
9328,-18.104611748334,31.7208083858569,53.5965423667489
9329,-18.2646635809009,32.4835012142951,52.9396668185309
9330,-18.2646635809009,32.429016732997,61.4515021829609
9331,-18.2646635809009,32.4940973457778,61.5914038039464
9332,-17.8259926735751,34.2653674562423,64.7463602225009
9333,-17.8213506828097,34.3735220427479,64.9256366713587
9334,-17.4360175985499,36.5928672352165,68.1075561647642
9335,-17.4084626203442,38.2666824373393,68.2415408501364
9336,-17.5138013685539,38.8948411589113,67.7252179607575
9337,-17.5650278741894,39.4325758179034,67.4927764780351
9338,-17.5650278741894,43.1684139285548,66.8449525697292
9339,-17.5138013685539,42.8454866656538,67.0359437457763
9340,-17.3747369863901,42.1347512850426,64.656959166901
9341,-17.3646839016794,41.8755140957062,64.474378057916
9342,-17.2799093774854,36.8374559112485,64.7454903216178
9343,-17.2689815380987,36.5991864962297,64.4429805185523
9344,-17.2669607397484,36.5924656148088,64.389055230466
9345,-17.1819173215225,36.0269083491167,64.4968511059786
9346,-17.1420382747267,36.0771850747364,64.5688540438419
9347,-17.0878053270549,37.703475894648,64.0560976110223
9348,-17.0575110544028,37.5682828099998,64.1430309308296
9349,-17.0787948807832,37.6671744926724,63.9721228920208
9350,-17.0982887560897,36.6390154227131,63.8591513945244
9351,-17.22497419251,35.7242326834468,63.333276604504
9352,-17.9554268376572,38.0147087186906,60.8035088354222
9353,-17.9711081544312,38.030890249477,60.8439602503476
9354,-17.9711081544312,37.8822955162754,60.7955114482867
9355,-17.9654746792958,38.1164177375061,60.698806823305
9356,-17.5982031917003,36.2686618321598,58.1365425677596
9357,-17.482515150509,35.7572137658206,58.6631260163279
9358,-17.4693288829073,34.634462687001,58.7290230236406
9359,-17.5835106336063,35.2218658773686,58.3354726938185
9360,-17.5831385166662,35.2903723817354,58.3500458365724
9361,-17.4659603771587,34.7284587790137,58.9410482108501
9362,-16.8420122428717,33.3155635758352,56.8472819277093
9363,-16.8202745013798,33.2636884058682,56.7767416397673
9364,-16.8202745013798,33.2636884058682,56.7776016248087
9365,-16.8255761594692,33.2113105797375,56.7851966660219
9366,-18.3605889265306,37.9846875002072,59.2457325737587
9367,-18.3658735268101,37.5487801704519,59.3283234963089
9368,-18.4564416143215,37.8159216086643,59.2055422122155
9369,-18.3430512522479,37.6547324887594,59.793346622221
9370,-18.2922965600299,38.8573095540677,59.9904756001895
9371,-18.2962721905069,38.812193745798,59.9015727694574
9372,-18.0944098638802,37.8008078305567,60.8848976641559
9373,-18.0944098638802,37.7654926507984,60.8006236008511
9374,-17.5656354292067,35.0978528039685,59.0551885904084
9375,-17.5548101953351,35.0828841231051,58.9682221939391
9376,-16.974755690524,36.729325206138,56.5254255476035
9377,-16.9629468083087,36.7874583117115,56.4951996932997
9378,-16.9983648110072,36.9777929316954,56.3093134319575
9379,-17.001840580952,36.7459480977081,56.36917809067
9380,-17.3994556772053,35.1290181496338,57.6442890261323
9381,-17.4856724416385,35.2745308737541,57.6224283165894
9382,-17.8915467583501,36.6174291350495,56.3302708302788
9383,-17.8975696021303,36.1238868546192,56.3615945068472
9384,-17.9770885624147,34.4670496577359,56.0587395935919
9385,-18.0138690326242,34.327144359816,56.506508713771
9386,-17.9857654553843,34.3740125896058,56.6791272697235
9387,-17.9823906208993,34.3661127648315,56.7632891350367
9388,-17.8131892870324,33.9442887482884,57.0308608686637
9389,-17.7991003024368,34.4734896687552,56.8265150348279
9390,-17.1183507848704,34.0399531757224,58.2110794297252
9391,-17.1126871313831,33.9865698278234,58.2236184054203
9392,-17.1126871313831,33.9666538894832,58.165440946713
9393,-17.1183507848704,33.8844967318647,58.670281302767
9394,-17.2951879374343,33.7016145717924,58.1670317887917
9395,-17.3630162397497,33.6058463701755,57.9212155182143
9396,-17.5642620406045,33.4860915885868,56.1634486456928
9397,-17.5680681508839,33.4674957248211,56.0646689014209
9398,-17.5680681508839,33.4121356070124,56.0088451674955
9399,-17.4823326980629,32.9405548651507,55.281761586624
9400,-17.4342526684702,32.7634084412721,55.3682718788707
9401,-17.0319728471309,30.9623095883011,54.2241956629925
9402,-16.5314630906878,33.3833585101618,50.5665889233464
9403,-16.4950518979284,33.3185280200895,50.6836714922824
9404,-15.4786692721388,28.4917661516417,53.5608063094386
9405,-15.4383703154568,28.8074356964949,53.7305045361479
9406,-15.4383703154568,28.8041877197762,53.733392289944
9407,-15.4385314359297,28.3337572128312,53.8090653428225
9408,-16.1677146294014,28.9380253334167,55.2718616731725
9409,-16.1951516501269,28.7205955609135,56.3450342052292
9410,-16.7869714597219,28.124300565057,54.9810415874907
9411,-16.7947622946241,28.1189823684171,55.0010484150477
9412,-17.4585698135348,28.813024858543,56.0767888697341
9413,-17.4764783528164,28.3240534069677,56.2931636418796
9414,-17.8688882857649,30.3455190111069,61.1337024876443
9415,-17.9227031643169,31.1244704880567,61.1635423728332
9416,-17.9901205597842,32.7710468599035,61.3263836118798
9417,-17.9266995421012,32.5398745805338,61.8323115807285
9418,-17.9383399178604,32.624256763177,65.4440746887341
9419,-17.9409862961567,32.572990985595,65.7584223332799
9420,-17.9362298082249,33.0871454316203,65.7814467432875
9421,-17.8960862169885,33.3758431578581,65.9799138488114
9422,-17.001622441619,31.6225678934267,69.5966519121822
9423,-17.0000346554691,31.6380663918543,69.2915052028655
9424,-17.0000346554691,31.6380663918543,69.0393389007127
9425,-17.0026783064008,31.6191652509164,68.9872776658675
9426,-17.5315237113026,34.3492263276676,66.5146252843722
9427,-17.5317349521221,34.3902266722646,66.5214228879165
9428,-17.5317349521221,34.7665991252026,66.5214228879165
9429,-17.5084936219067,34.710485816591,65.6179660048476
9430,-16.8557081508539,38.3940867251985,67.2244136755708
9431,-16.8443456634706,38.75353924841,67.0873470338987
9432,-16.8432804413928,44.9074748433534,66.4339390898226
9433,-16.8443456634706,44.8212533390513,66.4445989554626
9434,-16.8699620974229,44.9444804429705,64.9871239790332
9435,-16.8769360967206,44.7303756900727,64.661595677147
9436,-17.0395422511577,35.5976231819878,63.2914624103812
9437,-17.0899269577761,35.8117226715068,63.1509373537308
9438,-17.483288343521,34.2965842497413,59.8339277222724
9439,-17.483288343521,34.1742075336794,59.8164981991977
9440,-17.5157776717962,34.4490743175493,59.203670936763
9441,-17.5143858904942,34.6533604228952,59.1035273271549
9442,-17.0021248392257,33.8137020831325,58.5866251929288
9443,-16.9902516269688,34.160005372593,58.6556012520243
9444,-16.9902516269688,34.1731715495296,59.0710330714879
9445,-17.0021248392257,33.8736820545504,59.189181446653
9446,-16.9907364426878,33.8033293396549,59.2573390684477
9447,-16.9929881052774,34.9116477542475,59.2355792845231
9448,-16.9945186622069,33.5667561636434,59.8770442995021
9449,-16.9945186622069,33.3329893064463,59.9011546413928
9450,-17.3040268739413,33.5891745792541,59.0341860912727
9451,-17.3444878446776,33.6949608730761,59.6149654084456
9452,-18.2496507953661,36.0147864143854,62.0018687263402
9453,-18.3214035615996,35.2536538041268,61.876555420798
9454,-18.3214035615996,35.2118992438444,61.876555420798
9455,-18.2496507953661,34.8995309592173,62.2269405481939
9456,-17.5295503311753,31.3140404379828,63.7138340620362
9457,-17.4095999182196,31.5770084274896,63.9538513436397
9458,-17.3750634371974,33.8667600627167,64.0126043005605
9459,-17.3750634371974,33.8625483060399,64.0153774658875
9460,-17.3712184098525,33.8607958509091,64.0320170262914
9461,-17.3644969143107,34.3945768677562,63.7071129856477
9462,-17.1429818630228,33.3488306169221,63.1302236378162
9463,-17.1429818630228,33.3582673062446,62.2406859005023
9464,-17.1429818630228,32.73326792462,62.2124290472041
9465,-17.2020798186754,32.5860840870394,61.9145444513689
9466,-18.0548381920479,34.7036224760414,61.9502350974814
9467,-18.1061120896302,34.4107867852706,61.7601260175088
9468,-18.5677829497137,35.1521809903002,61.9115834523854
9469,-18.5766949899342,35.1585119426289,61.9320703326235
9470,-18.5766949899342,35.1746879800306,61.9179816083822
9471,-18.567429235316,35.1396614763286,61.8769790796689
9472,-17.8393192030172,34.181843895545,63.4943065130651
9473,-17.8073907338464,34.0717107829935,63.4409896255031
9474,-17.014790860211,33.165373406639,64.8833974481531
9475,-16.983889711405,33.5630215176513,64.8628402370577
9476,-16.323150264939,34.0348580353755,60.8921916712211
9477,-16.2843531596316,33.8746496941004,60.7802960196174
9478,-16.2700301488323,33.8255884658167,60.3360230998796
9479,-16.2700301488323,33.6472048403561,60.319203450235
9480,-16.4774433028543,33.3468947262925,59.272023669879
9481,-16.5276106572699,33.5657245509165,59.1047968279966
9482,-16.9619182156119,30.8222894810606,56.8868961336355
9483,-16.9690388012598,30.8431937079109,56.8919959541417
9484,-16.9820535658055,30.4259237265567,56.5326723434388
9485,-17.0220768976598,30.292469459012,55.3802651845179
9486,-17.0351844130185,30.4765493916182,54.8932364365757
9487,-17.0220768976598,30.4412298702886,54.7103366840334
9488,-16.8329861450285,30.3090924966431,53.2459974116503
9489,-16.7909041211353,30.1940551052132,52.9204349779864
9490,-16.5913664812718,31.1283616210574,53.5838748655745
9491,-16.4637378745449,30.6141831848816,54.1960406592292
9492,-16.3711521223986,33.0346398102881,54.4142020673166
9493,-16.2895351415555,32.9287260693883,54.8015068107823
9494,-16.2895351415555,32.9334389415812,54.7970878572567
9495,-16.2895351415555,32.9431194148471,55.1995818290378
9496,-16.8269213810714,31.0858616709061,58.3773851629066
9497,-16.8447080214101,30.9249435746773,58.4363971818463
9498,-17.9437819212252,30.8443824645418,56.8969970797533
9499,-17.94759013169,30.8452545803025,56.8866255826528
9500,-18.7453377765977,34.887293877486,62.880204321865
9501,-18.8757043808258,35.5763558269285,62.2733641870905
9502,-18.8757043808258,38.2890661030502,62.2723618485293
9503,-18.7242449476824,38.0223541086018,62.9219878987604
9504,-17.2123447071372,37.3905783145942,65.2612099261331
9505,-17.1757833040769,38.2972377490266,65.2604385860079
9506,-17.1720823067787,38.2871284151848,65.0995610378158
9507,-17.1686543665348,38.2692288484622,65.1984983365038
9508,-17.2466517957508,34.1447721141311,66.299977346766
9509,-17.2507340212164,34.1018249854084,66.3493354406945
9510,-18.7135508503092,40.9926558242512,64.4304850879998
9511,-18.736780934772,40.9494578007044,64.4647260020466
9512,-18.736780934772,41.1666654580573,64.4700648479505
9513,-18.7249988902245,41.9449969483439,64.4172073273129
9514,-17.6061298770602,38.5826366918927,65.0906533496549
9515,-17.563248031874,38.4252169163553,65.0666958310324
9516,-17.149008435955,42.0725741620336,67.0408702993917
9517,-17.1229423285049,41.8842823975752,66.9981967093549
9518,-17.1161616405495,41.8321819029387,57.6670603376618
9519,-17.099481934856,41.7213400075842,57.5358428351789
9520,-17.100410412142,38.5974042099877,57.4331993489245
9521,-17.1493167111104,38.6107300354467,57.2053380903002
9522,-17.168601389875,34.4981523483868,57.1089567213633
9523,-17.1999271378709,34.2686807739666,56.5932638894434
9524,-17.4056315041643,33.8874531401542,55.7307293018809
9525,-17.4418594983676,33.7790362997866,55.5655580283952
9526,-17.4711484142056,33.8315331508567,55.5352993449696
9527,-17.7520091101905,35.1894165407198,55.7010383097357
9528,-17.6495476380556,34.0954404382117,56.1735731866859
9529,-17.6456044200275,34.0328075011495,56.0313431940869
9530,-17.3925148015391,32.7438653771973,56.8020646641265
9531,-17.3704622737671,33.2449343967838,56.2310797898077
9532,-17.1779863531508,36.5883929185848,56.329076000675
9533,-17.1428710462305,36.4125315840491,56.4213429283675
9534,-17.1428710462305,36.7452548039521,54.4311803430924
9535,-17.1371907632644,36.6067701874155,54.161848117713
9536,-17.20923139407,36.2259916867873,53.7591936419979
9537,-17.2155342032447,36.2432167611302,53.8833101740541
9538,-17.6851016330046,34.9279569901082,55.9720412752337
9539,-17.7539406641411,34.6749514085461,55.8713732098037
9540,-18.0587517828804,35.2223853620428,56.0444658511472
9541,-18.0873815373523,35.1893088897061,55.9833802162764
9542,-18.1303828875116,35.2151868086856,56.0329447419221
9543,-18.1855099733503,35.4930966093834,55.8018997176564
9544,-18.1667169790084,35.3958657288079,55.9604330660215
9545,-18.1116390424673,35.1306176913026,56.4578884609156
9546,-17.5395485676249,33.897946808572,61.7631002992906
9547,-17.517916606678,33.997415106524,61.805768694138
9548,-17.4873896398326,33.8184242004141,62.610784292512
9549,-17.4870580933482,33.8221160603048,62.8496079547712
9550,-17.4870580933482,32.6543526572047,63.762584695982
9551,-17.5807832131641,33.0774867977415,63.5653905301043
9552,-17.8062587510056,33.9846428230265,62.5296995071083
9553,-17.8462764181946,34.0805940176579,62.2942636896267
9554,-18.6497377025609,35.4666857525023,58.2690902685811
9555,-18.6723591956371,33.7056216717921,58.4265370653896
9556,-18.6858672741489,33.5287379082481,57.9878676942544
9557,-18.6858672741489,33.5565695264333,57.972927726877
9558,-18.6656425894609,33.4666336146276,58.041786203296
9559,-17.9976243605497,34.8902684597766,56.9097621616615
9560,-17.1670606717919,34.2941436186609,56.973388977923
9561,-17.1589819584518,34.3189120470892,56.9740556608165
9562,-16.8129355181875,35.2839414194264,56.4611676203471
9563,-16.80359335997,35.271148946118,56.5077869033383
9564,-16.7993080086295,35.2774238741556,56.5227496048426
9565,-16.5058241784878,36.5306066760717,56.3782472676739
9566,-16.5058241784878,36.5365152520567,56.042275835693
9567,-16.5203091484087,36.6114978678665,55.9114205446329
9568,-16.5646318971003,33.2831729098645,55.7073798820477
9569,-16.6158464973968,33.2031356602281,55.5685487805546
9570,-16.6420668711617,29.8796533482624,55.4470823578978
9571,-16.6420668711617,29.8716540099911,55.396557155072
9572,-16.6284954935724,29.8811034320769,53.4193469353486
9573,-16.5968665818442,29.8460863866756,53.4836888876615
9574,-15.9469862224442,30.8161261706795,53.4654782027344
9575,-15.935875102833,30.9116297963587,53.4435610885601
9576,-15.935875102833,30.8736262649668,53.4360644466561
9577,-15.9469862224442,30.8370608757621,53.3850769073688
9578,-16.1366803573354,31.5290864694486,53.8493859071236
9579,-16.1413937201946,31.0708164071634,53.972862923197
9580,-16.1413937201946,31.0708164071634,53.972862923197
9581,-16.1413937201946,31.078688243136,53.8593905607589
9582,-15.6341548603153,29.0746405768454,53.2408774383584
9583,-15.6172370150972,29.0344853643922,53.1777070617079
9584,-15.6172370150972,29.0344853643922,52.9632746904441
9585,-15.7139402393694,29.3569010739219,52.6502267159943
9586,-16.1537893493085,30.0563816996768,52.5358412826975
9587,-16.1227615418062,29.8706928319828,52.6977104747948
9588,-16.1033256576582,29.778462110289,52.7884911834014
9589,-16.0963575344138,29.8121581565208,52.7452627512443
9590,-15.4231414409866,28.2709561671467,54.137236331979
9591,-15.4176561795515,28.3963841405061,54.1298959567234
9592,-15.1881095678911,29.9188563001247,54.9935855397335
9593,-15.2585244310925,29.994024274567,54.6956529770512
9594,-15.2388415067256,29.8926693100681,54.7945918087575
9595,-15.1370888203601,29.718859428759,55.1799723726021
9596,-15.1370888203601,29.7389947371877,51.0657522293462
9597,-15.2060208685989,29.8316702819725,50.6807258371635
9598,-15.2117284797973,29.1646760070921,50.614680280749
9599,-15.2233652162651,29.0566743576655,50.6122151923866
9600,-15.9648102994448,28.9090634116785,48.7920447955012
9601,-16.0253847673091,29.1346659484899,48.780529732695
9602,-16.0263594091369,29.1270808594298,48.7398907467709
9603,-16.0140613745022,29.0789850511757,48.8443091259068
9604,-16.0046556169407,30.1763898829089,48.4363950693869
9605,-15.9900473728606,30.2551273519106,48.4777201407031
9606,-15.289342826538,31.0474258068251,49.7286259289142
9607,-15.2766182129407,31.0111859788258,49.0933682595233
9608,-14.9105467901072,31.9168300525515,50.5479731314728
9609,-14.8916310136623,31.8657560567503,50.6457327081289
9610,-14.8812766278506,31.8617018152834,50.7086871348273
9611,-14.8880662524648,31.8544533904215,51.352128368264
9612,-15.0538600587653,32.5523943733047,51.1652803272166
9613,-15.076564479016,32.5642113689146,51.2207298299401
9614,-15.6021790164401,30.5731270787325,49.1335167844944
9615,-15.7832744106522,31.4611919568973,48.4433337561061
9616,-15.7832744106522,31.5001398216056,48.4063235626936
9617,-15.7732800162135,31.5965220420077,48.3816396389867
9618,-15.537889809741,30.4804484276165,47.7651289823901
9619,-15.5295773649162,30.4384418870076,47.6957856485715
9620,-15.5295773649162,29.8830707425175,47.6957856485715
9621,-15.5639393506459,29.5621228082118,47.729400137659
9622,-16.0642323988441,31.0828176473942,52.5136528133195
9623,-16.0775187888924,31.0756101462215,52.5308230955225
9624,-15.9585139278056,30.4705121243106,53.1264870784361
9625,-15.9405649318998,30.4110540835077,53.1796027316785
9626,-14.5031471509418,29.7411518668973,53.4835017894846
9627,-14.4445242133751,29.4880346133723,53.700248047046
9628,-14.4445242133751,29.4880346133723,53.6925786411071
9629,-14.4494054567778,29.5028931712625,53.6615399491584
9630,-15.1859768624302,29.6634604345558,50.6213616520917
9631,-15.2495380394429,29.0251648608003,50.4839250347865
9632,-15.5987109270898,30.385953925062,48.9012827126388
9633,-15.6249226311893,30.2383407747839,48.7663180916288
9634,-15.6617650220989,30.3512012429372,48.5612624796284
9635,-15.6899856974379,30.1629802713265,48.1855308543983
9636,-15.6909345563236,30.0911620272579,48.1332067405545
9637,-15.6863336028498,30.0782745420777,47.5782744131135
9638,-15.6703806323206,30.0168243634223,47.4089724357653
9639,-15.2608507140739,29.6218882315935,49.356035221983
9640,-14.5164742350917,29.8272422060538,50.0288202264453
9641,-14.4949942974277,32.274617135382,48.9512057119399
9642,-14.359322666059,32.5479974458081,48.2757628808657
9643,-14.3210641387086,32.4514569150095,48.3396848468862
9644,-14.3210641387086,32.4687800735784,48.3228350393456
9645,-14.3223399894033,32.4034547945995,48.3073201158581
9646,-15.1346226661554,29.4855361451797,44.7636857729957
9647,-15.1752512087021,29.4210913584852,44.6431571906454
9648,-15.8709804048737,28.2919919073292,49.1550770401259
9649,-15.9017275608146,27.4425169348577,49.1584597268896
9650,-16.2894009597936,26.0527861689102,53.5772429494906
9651,-16.2921359111426,25.7570400607776,53.6227547216567
9652,-16.7034830445889,27.8427019589931,58.8190946018432
9653,-16.7322497013394,28.2773616620304,59.0237236783348
9654,-16.7712398822941,29.8462383502464,58.8603215738195
9655,-16.7510010924162,29.7638759806088,59.0824404672438
9656,-16.7088816739566,32.3372216281045,59.3148914327843
9657,-16.7088816739566,32.6989706476744,59.3308119804044
9658,-16.7109214138118,33.189189296617,60.2396586706486
9659,-16.7184088173048,33.1743026522283,60.265986368553
9660,-17.0734812513769,39.38702392168,59.2364471726462
9661,-17.1214795900053,40.7414711904667,58.7721616101531
9662,-17.1562045665375,41.6940704058552,58.8371750162617
9663,-17.1406405132961,41.6833442907506,58.8852286730788
9664,-16.8581157694308,47.1322561724421,59.9636074613827
9665,-16.835652952054,47.1981431064515,59.8833338259955
9666,-16.152464356352,44.1869331466417,55.735650609513
9667,-15.9991995738108,43.5261769831516,56.401858403515
9668,-15.9946098762334,43.5444905702317,55.8683339134993
9669,-15.9788509413491,43.4173009540574,55.9583373092089
9670,-16.2522878745491,42.7033341820619,54.7020648656379
9671,-16.2773077452553,42.6947475582302,55.1325719792806
9672,-16.9210798086826,41.1281400422475,53.913535284056
9673,-17.0266906481802,41.4855162448682,53.3785904459809
9674,-17.1310569135603,40.3450425528213,52.8577728961138
9675,-17.1287705980838,40.3227299403106,52.6132384759608
9676,-17.1032428584415,35.8949409995162,51.7679225070491
9677,-17.099641268878,35.87412362688,51.7031051457034
9678,-16.9584795264804,35.0460499866151,46.9730446806894
9679,-16.9406142278365,35.0729845336458,46.8884934865211
9680,-16.8834793281512,34.8175552178363,46.9226685614837
9681,-16.882657266886,34.8435254964227,46.6566388455409
9682,-16.8453727266894,36.0333477069306,46.6184978623983
9683,-16.8180253579815,36.8029833004261,46.6297663321901
9684,-16.6192784095399,37.7706341562516,46.7389799802122
9685,-16.6183395682252,37.9425113663051,46.6313238518841
9686,-16.6162232938787,37.9920646269758,46.0488107821703
9687,-16.6176357821546,38.0004457025911,46.0405076513026
9688,-16.6254924914252,37.8563526971151,45.9956073660831
9689,-17.0783626739149,36.8071565207133,47.8928143124075
9690,-17.5194873780588,34.167625752388,52.0566232978385
9691,-17.5669744327547,34.0462819288205,52.2682274340847
9692,-17.4842559135088,33.6672442639266,52.6455015312292
9693,-17.436964018917,33.8571535508853,52.8138581936856
9694,-16.6746208817712,33.5301731226797,51.0350777105357
9695,-16.6372879853222,33.8601582996711,50.7295346151752
9696,-16.6372879853222,34.3262919370669,50.7102448048456
9697,-16.63254512147,34.5232852053457,51.2983562357582
9698,-16.6052898668451,34.7413559500071,51.42406510019
9699,-16.6445214140194,35.1251506680513,50.679860694069
9700,-16.6445214140194,35.1906965065266,50.1581797613538
9701,-16.6076310729953,35.0068625316524,49.4602418864855
9702,-16.6076310729953,34.1333584297573,49.4579328440106
9703,-16.63916273769,33.9404561198122,49.2904418142532
9704,-17.3500202839045,32.135797143804,50.4077731855775
9705,-17.3691680459134,32.0617379463026,50.4714609198011
9706,-17.4808349256683,32.5532124756693,50.8027840851116
9707,-17.4541736648227,32.3284320713007,51.0020302479454
9708,-17.5510424615621,35.121239636841,50.5170422784688
9709,-17.4379101508915,34.8651212022202,50.9205654273039
9710,-16.7492518673966,35.7446019327217,49.3305425985384
9711,-16.7130580560243,35.5619628630675,49.4366559397684
9712,-16.6950650155159,35.586306819413,49.2691405902276
9713,-16.6795511360765,35.4928469592555,49.3228138909797
9714,-16.6656192542418,35.1447815135526,49.3670172533621
9715,-16.6720948755491,35.1735046394985,49.2253602843817
9716,-16.6674033344956,35.4009105459607,49.1441515231781
9717,-16.6350354655233,34.9831434424177,49.223445988341
9718,-16.4355075642352,33.9773304371298,49.3879895098679
9719,-16.4255131934997,34.1833072201937,49.4027861102229
9720,-15.50034792086,32.590603104309,50.9442464525391
9721,-15.4900503620418,32.5495429728504,50.9700150621167
9722,-15.4876514510654,32.9728577830194,50.9913868587981
9723,-15.4812413993084,33.0347967676041,51.9165968053289
9724,-15.4561406538413,32.9070376359669,52.0171834870795
9725,-15.455407712042,32.9910547538391,52.0208802749045
9726,-14.6822940718924,32.1870182675141,50.7570003638028
9727,-14.6555192235387,32.4243502020358,50.6047102992442
9728,-14.6555192235387,32.4225366266978,50.6047102992442
9729,-14.6563306417176,32.1582735886897,50.6019758723076
9730,-16.0541406642588,32.8696331140841,49.060545453777
9731,-16.0629346724821,32.1315538101628,49.0224044135271
9732,-16.1207075776952,28.9963804879024,48.7839768999475
9733,-16.1453910254706,29.0223756235852,48.7371539520585
9734,-16.4357631130865,25.424038212137,51.2085682441288
9735,-16.4756649897995,25.6217684315183,51.0710819468347
9736,-16.9992717629386,27.9821068893116,59.3872082534835
9737,-17.0399544150408,29.1349304116469,59.2333970437053
9738,-17.0832718664279,30.9190813906944,66.3352018278354
9739,-17.0857506301174,31.0011790773959,66.3335546115987
9740,-17.0876503841145,31.0116635727695,66.3459562000977
9741,-17.372195349086,32.5942399454904,67.9838689324962
9742,-18.3179253497784,37.4715312562932,64.4667632074843
9743,-18.3198107566538,38.5018481639809,64.4966850856468
9744,-18.3198107566538,42.9879450249381,64.593796390758
9745,-18.1423006224724,42.2732531774168,65.4509254229501
9746,-18.1385143547344,42.3794265206523,64.6974830876934
9747,-18.1364974780391,42.5810012031955,64.6802505589629
9748,-18.1110537952996,42.8922163537703,64.798373547027
9749,-18.1078935209502,43.2450256433028,64.7379578453097
9750,-16.6687123350222,42.8604629085263,66.4368696106064
9751,-16.6450652397393,42.8588444633785,66.4700392552439
9752,-16.6171280207143,42.7555525480653,66.5587442333857
9753,-16.6380732346457,42.7768897963081,66.9888497587328
9754,-16.6454059974721,42.4398513519607,67.0801676939389
9755,-17.5179578943886,40.6724577679254,65.836973666311
9756,-17.887328135363,41.4125023170622,64.0758623705782
9757,-17.887328135363,41.4085964293729,64.0777891930866
9758,-17.887328135363,41.4193549482534,64.0212071496803
9759,-17.0514280414457,37.2068310071805,59.7594093664029
9760,-17.0510555954299,37.1913609034304,59.7348796923066
9761,-16.9997547888096,36.7279470724167,59.9914798511686
9762,-16.9997547888096,36.7025812170942,60.9249807677962
9763,-16.9997547888096,36.6875112573412,61.0798877619959
9764,-17.0535285365153,37.1977699649488,60.8628777527628
9765,-17.0087231001327,37.1915662000924,60.9709993381737
9766,-17.0079427502684,37.4487104459513,59.8785237266817
9767,-16.9927362198769,37.4059302422821,59.844436950106
9768,-16.9489380257591,37.3494993487249,58.4491987352069
9769,-16.9181822201703,37.254250412143,57.6839585974725
9770,-16.9143638619579,36.7795297310518,57.703292466484
9771,-16.9210943459924,35.914050244676,57.6693988916272
9772,-17.9267072683402,34.8043871488389,57.2292896621987
9773,-17.9501124103343,34.819058238901,57.3680764582022
9774,-17.9367459603031,34.0032854862855,58.1868236482843
9775,-17.9367459603031,33.8914909952414,58.1827809916676
9776,-17.2106053815408,30.2222812291842,60.9381830164344
9777,-17.1492243287427,32.7649387980167,61.1309892526024
9778,-16.7166020101342,32.1170194913789,57.3236035466014
9779,-16.7130174568705,32.0990834592738,57.3195216176706
9780,-16.7130174568705,32.1070136390262,57.3122413261421
9781,-16.7166020101342,31.5435795055462,57.3568706042189
9782,-17.2647174738669,32.3771722645383,57.1479240251951
9783,-17.3084072263578,32.5987795528135,56.9378530035283
9784,-17.2949771539841,32.5313205943856,57.0042872939695
9785,-17.2949771539841,32.7524072058595,56.8347601110283
9786,-16.9290155996822,32.1387510115422,56.8141487637665
9787,-16.9188002499256,32.2190827943817,56.7715127042229
9788,-16.9188002499256,32.2190827943817,57.1240960474827
9789,-16.9188002499256,32.2188293586984,57.1248020468864
9790,-17.4113785753364,32.511922483304,61.3261557216851
9791,-17.4621780220025,32.7077692335332,61.3939680828194
9792,-17.4621780220025,32.7043096010147,61.3970767220108
9793,-17.4621780220025,33.8977125278853,61.373433337935
9794,-17.0661372352094,31.9032189914763,60.7150657573262
9795,-17.0202110202291,31.7115703505999,60.8001244334613
9796,-17.0202110202291,31.374726654021,60.8001244334613
9797,-17.0661372352094,30.4252138393058,60.7223730373771
9798,-17.4472144451949,30.0119499955882,58.8812473049046
9799,-17.4120779619299,29.8094839295983,58.9685992009937
9800,-17.2794675257549,29.0649919120197,56.839677225218
9801,-17.2617076672521,29.0110488254011,56.7990187422117
9802,-17.2596538440128,29.0412409890195,56.7725007308783
9803,-16.3571745693625,29.9053940674875,52.0173938121196
9804,-16.3614379941005,30.2675104214753,51.9489749020037
9805,-16.3806445118876,30.7949918192806,51.8520809021141
9806,-16.3806445118876,31.3119257138688,52.1268384731541
9807,-16.3806445118876,31.4547332653266,52.1420741261312
9808,-16.2212511014211,31.1146586917384,50.6533708660657
9809,-16.1996606116372,31.0079611360803,50.5298008838812
9810,-16.1996606116372,31.0327493995417,50.50716114448
9811,-16.2212511014211,29.459438752083,50.59924482304
9812,-16.6028920993995,28.3495169933549,50.2081835449445
9813,-16.6022083016902,28.3419691293754,50.249426518219
9814,-16.751823499896,28.3499365216202,50.2748018311631
9815,-16.7724037651379,28.3966106130003,50.5812276631653
9816,-16.8209849155328,28.6133157300418,50.3780814900649
9817,-16.829832905619,28.5678395550952,50.3505050031557
9818,-16.8716988225106,28.9292381483812,59.8334714901432
9819,-16.8745330420151,29.1582010615236,59.912330197161
9820,-17.0024290163381,29.4380185437312,63.7542423611645
9821,-17.1035523607454,29.9477604204106,63.2937091365445
9822,-17.1777564176701,30.3445312243253,63.5184929853007
9823,-17.3707205037676,31.0529056451975,62.6632634357339
9824,-18.2924106328389,33.7518428417372,60.5818958544273
9825,-18.3268892877069,33.9417733636053,60.6172036250343
9826,-18.3268892877069,34.0078078904404,62.6448607213624
9827,-18.3268892877069,34.0861483798216,62.469636559069
9828,-16.8188621026046,51.8668752250795,69.6280835870208
9829,-16.7900040002014,52.8141473756439,69.3822206710378
9830,-16.7900040002014,52.9986623026924,65.8410395657486
9831,-16.7973547605853,53.0099677494448,65.591482464985
9832,-16.9083759842204,47.8996690478857,64.6847956954044
9833,-16.9216924475347,47.8086603330588,64.6373770514727
9834,-16.9216924475347,47.569193546268,62.1122183420681
9835,-16.9188695030516,47.5584879067517,62.0888676336331
9836,-16.4361127612289,45.554246636685,57.7411073342147
9837,-16.4284955581187,45.5724631343679,57.7221260232244
9838,-16.4522528901314,45.7244356857211,57.4362280720099
9839,-16.4538194188198,45.6623830229972,57.3545726843739
9840,-16.9263038538492,41.9587139449708,55.9077432812501
9841,-16.9561597933889,40.8270582463479,55.7807073097523
9842,-17.7566326120474,36.7908567931038,58.5420266378429
9843,-17.796034694693,36.1428713397666,58.4318560129634
9844,-17.796034694693,34.5833371872119,58.4502308652729
9845,-17.7600638200896,34.3211613136202,58.5098762962435
9846,-17.7260628809224,34.1051497268583,53.7965885543081
9847,-17.7163391877436,34.4422724320397,53.8079857323932
9848,-17.076121253363,37.0190128703929,52.1303192207977
9849,-17.0582028489421,37.1108691938144,52.1945813266065
9850,-17.0582028489421,37.6332031048458,52.1945813266065
9851,-17.0596848447458,37.9651893026366,52.2028250482556
9852,-17.1440627301058,38.388061074198,52.4065753276705
9853,-17.1574313668275,38.4511102160057,52.5563239221822
9854,-18.0530437522444,37.502793648206,52.3370497288964
9855,-18.0615863408589,37.1969825142615,52.343109431742
9856,-18.0615863408589,37.1969825142615,52.343109431742
9857,-17.9603987424277,37.0302560217835,52.8475381250478
9858,-17.0918275996218,34.7425507389681,56.1195621153923
9859,-17.0767770480966,35.7645127735533,55.6311040351433
9860,-17.0767770480966,35.9887151278972,55.7229001784921
9861,-17.0918275996218,35.9369377517885,55.8294333258851
9862,-17.3299290445589,36.7631314313308,59.1468574794434
9863,-17.3425273151716,36.7522783749715,59.2046271687601
9864,-17.3425273151716,36.8337472681654,59.2298030981267
9865,-17.3299290445589,36.8741848211996,59.2700639114808
9866,-16.7821136976076,33.0072791187961,57.074599850327
9867,-16.7821136976076,32.871502722445,57.0394313851567
9868,-16.7821136976076,32.5976242371969,57.0453720721411
9869,-16.833049557729,31.5242026098273,56.8016335970068
9870,-18.0784575469867,35.4932175781031,57.3195286559628
9871,-18.0924555803839,35.1235107477053,57.4122403450842
9872,-18.0924555803839,35.107860316319,57.4268031485589
9873,-18.0884464736672,35.3897388092758,57.3551187415284
9874,-17.1493830845961,31.8540374806897,55.8575919720344
9875,-17.1215153059584,31.931901007041,55.7328725971183
9876,-17.0089806116011,33.1840797516073,56.2054200107195
9877,-17.0248997965138,33.2747420384492,56.1164143357595
9878,-17.0248997965138,33.4557793416542,61.812007943767
9879,-17.0091501703013,33.2519486445967,61.9988052614716
9880,-17.0210432770235,33.2646626359612,61.9861013703188
9881,-17.0210432770235,33.3374572606818,62.0104636701696
9882,-17.0193306116169,33.4762742689611,61.0043235175674
9883,-17.0648765506109,33.4580535143005,60.7768931819423
9884,-17.1562667789254,32.7168047998413,60.0987572765824
9885,-17.1821129556276,32.8406531849091,59.8530097644927
9886,-17.2266783698255,31.5493024076999,60.069484425661
9887,-17.2519887369691,31.6971414137187,59.9187174807636
9888,-17.3653572157374,32.1872406814085,59.5734751375044
9889,-17.3653572157374,32.181850801911,59.7800899865612
9890,-17.362065212444,31.4416698538062,60.8956496784385
9891,-17.3580539682268,31.3986548283835,61.1070335958883
9892,-17.3562218838061,31.3902774316249,61.1152448883859
9893,-17.157851258874,31.5735868726446,62.0851865463461
9894,-16.3148841261146,33.5657136121021,57.6862979890889
9895,-16.251704913231,33.7280495241884,57.8393918818493
9896,-15.8418553088817,35.716683747177,57.3253545677936
9897,-15.8321460969049,35.7606432135477,57.2857592724508
9898,-15.8311435677633,35.7554770893888,57.2772038753498
9899,-16.2900701487415,31.6666281070547,55.30876664508
9900,-16.3079193336031,31.5143976196262,55.4835646518429
9901,-17.4133549998526,30.4811920707297,62.401397610024
9902,-17.4763745581308,29.9255549915467,62.2345976957199
9903,-18.640959020721,31.6802919846305,60.9819062582702
9904,-18.6640204304208,31.7351319214537,61.3115359614418
9905,-18.6800739199745,31.9125344181513,61.1640130356156
9906,-18.3288254565362,33.7460659631832,63.2746679624002
9907,-18.3288254565362,33.8477900183556,63.3044095646195
9908,-18.3442753029933,34.0200764145636,64.2480521290988
9909,-18.3519395881164,34.073525301484,64.6531861044253
9910,-18.5079679963713,35.0221569185509,66.7784179561478
9911,-18.5166191975343,35.0434105442219,66.9443486784329
9912,-18.6907839149938,41.1508051984229,67.1810937970448
9913,-18.7270299058844,41.5370391683794,66.8631009160291
9914,-18.7374425457388,46.0920119037279,66.7796230212843
9915,-18.8133394670658,46.5663931036739,66.1009565268022
9916,-18.8912583020871,46.9343532285511,64.8280290579371
9917,-18.8912583020871,46.8269448486376,64.6507859570154
9918,-18.8912583020871,47.7280733386951,64.0966972633948
9919,-18.862069167085,47.6167727375162,64.1936444495584
9920,-18.5479210567296,46.1336019914908,65.1764141368356
9921,-18.4645860063814,45.8494904953848,65.4884767942915
9922,-16.9572887734112,41.9697642046038,67.3119256303543
9923,-16.9441358764147,42.3625399761463,67.1769021718742
9924,-16.9105996714298,42.999176088874,62.4038852779497
9925,-16.8984819482024,42.9845944206403,62.3337157895662
9926,-16.8984819482024,42.9774521623469,62.3199404069676
9927,-16.893029581772,41.7019537934941,62.3411557359425
9928,-17.2476916277535,35.6512191148303,62.8977963718727
9929,-17.3036483771937,35.8911661802708,62.702381187664
9930,-18.987133768633,38.8396769912557,61.2027388429987
9931,-18.987133768633,38.6688992262998,61.206147579304
9932,-18.987133768633,38.6688992262998,61.206147579304
9933,-18.3457055603024,35.483920561346,62.2672653550368
9934,-16.9312753892575,33.1027545381331,59.0613880892785
9935,-16.9281849259409,33.2516839675289,59.028945333073
9936,-16.9281849259409,33.8475780881603,59.028945333073
9937,-16.9454944514454,33.8904987325379,59.0881408356976
9938,-16.9522958658418,33.9039398456993,59.0733910794438
9939,-16.9696854629385,33.8507528476531,59.0218213458002
9940,-16.9774016554973,33.5380339426298,58.8069243901899
9941,-16.9914591306683,33.2765127925706,58.9223720088826
9942,-17.5788695975844,32.7754896187014,58.3810258609365
9943,-17.6022100405324,32.6649920972172,58.4545890698077
9944,-17.6022100405324,31.9755479926024,58.4509829598603
9945,-17.6022100405324,31.979076250148,58.252311420093
9946,-17.3575151408815,30.7254648924407,59.5194428119588
9947,-17.34645677856,31.0694347320099,59.0695577850577
9948,-17.3065070956174,32.0099158111458,59.2646929276053
9949,-17.2584907367571,31.9753624566771,59.9984123021622
9950,-17.1886428450193,33.2095093591919,68.3644098236028
9951,-17.1513393486081,33.1422368554513,68.6984729407206
9952,-16.9042552208914,35.9486488542021,69.9325933842717
9953,-16.899787185574,35.9324363108049,69.9477072799715
9954,-16.9040270419082,35.9443610747709,69.6295142050795
9955,-16.9040270419082,35.8977971572315,69.5289365253259
9956,-17.1455331394889,33.2506095533608,67.7138410535864
9957,-17.1885277428212,33.1949002033326,67.3673337909678
9958,-17.3362128424911,33.1150433668396,65.9355695684684
9959,-17.4097861107245,32.760401204692,65.3127134399934
9960,-17.3882045150473,32.6505610136012,60.3339823611437
9961,-17.2765795704458,32.7981203554147,60.7256352664774
9962,-16.5377352250274,32.1574701065481,57.8241555209218
9963,-16.5301257055196,33.4493601193438,57.7890351836445
9964,-15.7862497920651,30.6550837994976,57.0907935877467
9965,-15.7862497920651,30.8355216707668,57.0331936300187
9966,-15.7824878320867,31.009653536844,57.0433435083201
9967,-15.7827218019688,30.94931943403,57.072820306274
9968,-15.7971349488111,30.7711025557337,57.3592018229747
9969,-16.375640312929,33.470012189773,54.9376174020073
9970,-16.3795644698106,33.0739286661087,55.486255580048
9971,-16.3734389566146,32.9574808222121,55.5169842339878
9972,-16.3722673123834,32.831474534268,55.5059366878263
9973,-16.3577702112559,31.2466624764221,53.9166117988094
9974,-16.3589409333836,31.2677657636714,53.7944979069166
9975,-16.3865838046635,29.9801013697334,53.7508625499477
9976,-16.426225158602,30.1718135640987,53.7166868267697
9977,-16.426225158602,30.1723073210406,53.7240804083978
9978,-16.4244093773932,30.5705843914562,53.6391706577466
9979,-15.9371192545177,30.415718300034,56.2558307909503
9980,-15.9017693184585,30.4936682999392,56.3977596128819
9981,-15.8662782598238,30.5765836870851,56.5515939723459
9982,-15.8430489125131,30.4391986394264,57.399791819814
9983,-15.8424710486711,30.4326554748743,57.405112456739
9984,-15.8422820983035,30.4536443650024,57.3856719289055
9985,-16.018578457911,27.9514391895682,56.568992098462
9986,-16.0285459545166,27.6229714782914,56.5238253699136
9987,-17.141170885591,28.8280824835137,59.0037236475334
9988,-17.1555308654192,28.6640978691253,60.5998918858146
9989,-18.5473816182275,32.8471726320048,63.2236907713387
9990,-18.5666128138221,32.7241019589285,63.25717768136
9991,-18.5666128138221,32.7241019589285,63.4972424195963
9992,-18.5473816182275,33.0752024676569,63.5699522331746
9993,-17.4080800194454,32.7970705262051,69.0561344385501
9994,-17.3964407317639,32.7480143294473,69.1145272950445
9995,-17.3929571531703,32.8568292588853,69.2498166933402
9996,-17.4220689748279,33.8382868784891,69.7736010484242
9997,-17.4464422204469,34.1781458873237,69.4888325258852
9998,-17.7862508080539,35.8497462682677,67.8581053505984
9999,-17.7884968684534,35.8179079885623,67.8473278467264
10000,-18.1017295067898,34.0941688432235,67.0319535601133
10001,-18.193490073928,34.5573557434057,66.7218023887704
10002,-18.4570873073551,35.5497639045961,65.3434547074925
10003,-18.4570873073551,35.8767473597824,64.7108976671453
10004,-18.4570873073551,36.162263138164,64.5119124717335
10005,-18.0216162154227,36.7476135629508,65.5736924629776
10006,-17.9848528333995,37.2468558917339,65.5932108188933
10007,-17.4764154163155,38.680496120385,67.5751266306118
10008,-17.4373668335374,38.5399541238126,67.7128503640381
10009,-17.0575248460815,39.0992105200138,64.5295843736686
10010,-17.0572253861745,39.0619416127542,64.0453214274595
10011,-17.0572253861745,38.9970432342309,63.7490350384237
10012,-17.0564636858287,38.2099375865999,63.6891657516722
10013,-17.226312110549,34.2051535307884,62.6439752278166
10014,-17.275112060797,34.4588220253364,62.0556484523821
10015,-17.5523033751769,33.2898522614582,60.8212819506602
10016,-17.5583533990215,32.9718623036896,61.1594423586582
10017,-17.7007898380164,33.692619658991,60.4504209125692
10018,-17.7041304069181,33.5679562576542,60.5505825761231
10019,-17.7007898380164,33.5987911190252,60.6154969320106
10020,-17.6391405049052,33.5338132505347,60.9394023835968
10021,-17.2378183478776,32.9385911192401,60.5909851039278
10022,-17.1591501923675,33.5025756000407,60.4611159391546
10023,-16.9716034877809,32.9826601011276,60.5885887747194
10024,-16.9642953469591,32.9460955920062,60.104380682429
10025,-16.9142838798273,32.7422133156956,60.2100206605544
10026,-16.9846557974713,32.5905321974081,59.8861416744507
10027,-16.9713484655935,31.6233464557446,59.8050766127275
10028,-16.9765150017788,31.4967139128505,59.3574149383955
10029,-17.1072723276366,31.7522030279257,58.1874123242849
10030,-17.1108428424125,31.684038010516,58.1636970884834
10031,-17.0072172093758,31.6564518771677,57.9494332913291
10032,-17.0072172093758,31.6449174307482,57.9610189354567
10033,-17.0845153618068,31.5075325190164,58.3332163177131
10034,-17.0845153618068,31.4407933792069,58.3947330970954
10035,-17.0258532956508,31.1320426402521,59.9269219892918
10036,-17.0207997698351,30.8928671460312,60.0489924800561
10037,-16.9999606839576,30.7849452322215,60.1545487189769
10038,-16.9733568358113,30.6790172848438,60.1956082722236
10039,-15.826835510247,30.9305520327203,56.8812845271864
10040,-15.821192985639,30.9598664659574,56.8696582845852
10041,-15.821192985639,31.6269315112322,56.7853109209251
10042,-15.8479861129277,31.6288459686379,57.3918866485834
10043,-15.9100942117985,31.4626138186346,57.1067244985836
10044,-15.9609552844147,31.719125462661,56.8552742035701
10045,-15.920978696738,31.6428039300008,53.150355173264
10046,-15.8355503821147,31.6537896029424,53.3589483890915
10047,-15.7332344035477,31.5249871503692,52.0476798965964
10048,-15.6654686943476,30.9220099673114,52.3214141878039
10049,-15.6654686943476,31.0404369927944,52.3163572443002
10050,-15.7095090327957,31.0689613606965,52.8590428540802
10051,-15.7142726500809,30.9903689016211,53.0604802743732
10052,-15.7086516586343,30.9940046938271,53.13281369975
10053,-15.7038895710356,31.0739957358173,53.1264403301362
10054,-15.6752554621691,31.2227818271889,53.2891848403112
10055,-15.5968012286555,31.0376974992,53.638823104463
10056,-15.5227996650201,31.2351943476614,53.9348987061015
10057,-15.3055397489731,30.1256585345579,54.1383725916491
10058,-15.3055397489731,30.132745954726,53.9010051139013
10059,-15.3055397489731,29.8448996271801,53.548354900889
10060,-15.3716957920248,29.7625514185975,52.7536532280879
10061,-15.482163183431,29.528942163069,52.089014573412
10062,-15.482163183431,29.5987626063652,51.9989759250115
10063,-15.5237436035904,29.7968361308663,51.785118550398
10064,-15.5983192066358,30.0538769206879,51.4380014800142
10065,-16.0400853125012,30.3513405479038,51.1621832666679
10066,-16.0618630488301,29.4423560934044,51.2418484131422
10067,-16.0618630488301,29.3433392549334,51.2949961083909
10068,-16.0618630488301,29.3154176308999,51.2649305781722
10069,-15.1076370206557,28.8597027600272,53.5690000501861
10070,-15.0969927901177,28.9320207756468,53.4772229207315
10071,-15.0969927901177,29.582414713276,53.3929186744773
10072,-15.0995199633796,29.5968066775261,53.3911748679933
10073,-15.3358253434561,30.8072422447136,53.7874610038049
10074,-15.3590123074437,29.5207340753099,53.9936348892691
10075,-15.359064942705,28.3425580246223,54.071878471356
10076,-15.3473747007516,28.2812464796401,54.1233939290356
10077,-15.3889592279012,27.9660219195924,51.5852473456222
10078,-15.3975107132776,28.0072718271057,51.4687230696378
10079,-15.3975107132776,27.9582890905448,51.4049217948855
10080,-15.4221450808453,27.8776196870435,51.2780656692019
10081,-15.8147100371585,29.629790942172,53.8789719760869
10082,-15.8197841683427,29.5754666604678,53.9032187725413
10083,-15.7362156440028,29.5575361619361,54.325635513563
10084,-15.7256509136961,29.9253577237147,54.149336759348
10085,-14.1386529151207,27.5349467024718,54.3808971426815
10086,-14.1367974556598,27.6020294461426,54.2725524051486
10087,-14.1367974556598,27.6020294461426,54.2725524051486
10088,-14.1379579279325,27.4618334877536,54.3453331375877
10089,-14.9728763616215,25.9262976806114,54.6541130955049
10090,-14.980333055482,25.9643947340088,54.6229217387053
10091,-14.9891469343063,26.0094251789784,54.5789406429323
10092,-15.2006399288919,27.8397971491078,53.4823412213011
10093,-15.2006399288919,27.9546497747578,53.1393639407987
10094,-15.2040354005054,28.0919945144235,53.0510836443286
10095,-15.236155344938,28.2474139569217,52.9388981096405
10096,-15.2552624979397,27.9591554155855,52.9752543678616
10097,-15.4115854544654,28.7253314821748,53.4282764351809
10098,-15.4243901800786,28.6948019887156,53.4963241228183
10099,-15.4031026601213,29.3992930460577,53.6528436262292
10100,-15.3877443591523,29.442296472786,53.6796466438742
10101,-15.040616649606,29.2808654032063,54.5181508235303
10102,-14.9785487840082,29.5458020975831,54.4710137692583
10103,-14.886698374198,29.090111494563,54.8083803703844
10104,-14.8343482375711,28.7597178327018,55.0364245327022
10105,-14.843356980558,28.8109531701628,54.927543741415
10106,-14.843356980558,28.8435853957293,54.8341046494833
10107,-14.9238639721059,28.7330738386649,54.0405202702504
10108,-15.0059729064695,28.8510583858045,53.2192218827931
10109,-15.1517416817426,28.6603535554111,51.925938082935
10110,-15.1773498248122,28.7154037668585,51.7903821319224
10111,-15.4147897913599,28.0348405636194,50.5966375840588
10112,-15.4604900536973,27.4055092207814,50.6521234816301
10113,-15.4712245661042,27.4746036360767,50.5845955857872
10114,-15.4712245661042,27.4922766214983,50.558858575589
10115,-15.1817451282345,28.4153043642088,50.6614050565776
10116,-15.0761055402304,28.0448621271306,51.0953583898068
10117,-15.0093658073898,28.9093980992372,51.4425766371886
10118,-15.0077751678307,28.8725852910436,51.5013126436903
10119,-14.9899672930841,28.7450991589308,52.806662966032
10120,-15.0541337664966,29.0789333980379,52.8473380415945
10121,-15.0541337664966,29.1446215720994,52.8406922997204
10122,-15.0472826192146,29.3245565697072,52.8671065562456
10123,-14.8129363859861,28.5992415527882,51.7825923475627
10124,-14.7896304424077,28.7874325993852,51.5350505313153
10125,-14.7484082700608,28.6147258132962,47.6964067515782
10126,-14.7542083639979,28.6437280718865,47.6677728714878
10127,-14.8064746647367,27.9850467291213,47.4071802504977
10128,-14.8123392181075,27.6846657167299,48.4134757696123
10129,-15.492611384032,27.3502828024566,49.3109216963366
10130,-15.4985541475911,27.2515354584753,49.3263147799013
10131,-15.4985541475911,27.2496691395255,49.328080988645
10132,-15.494747221575,28.4407267148255,49.1063134302622
10133,-14.704274279268,28.9112743653897,47.5892824580076
10134,-14.6956880635705,28.8972064996769,47.5695668520957
10135,-14.0132789889978,30.2328497093229,48.768355920205
10136,-13.9261248413784,30.3031527606755,49.2044556253617
10137,-13.9261248413784,30.3031527606755,49.2125463097878
10138,-13.9271994922956,30.2546750883293,49.2672722457913
10139,-14.7539852660963,28.6400994057399,48.5114287868247
10140,-14.7670586192209,28.6562024871902,48.4916633748524
10141,-14.7718178468572,28.5451937207635,48.5529618535955
10142,-15.7495795372137,27.5210959481856,49.8965340544762
10143,-16.368638590885,27.2150395223628,54.7015576720728
10144,-16.3718886278215,27.2692914607343,54.7064851414177
10145,-16.3857709594591,27.3837409525011,54.6052339917872
10146,-16.4927513700408,39.0970045381487,56.7743256175117
10147,-16.5139878862286,47.0120056024805,64.356021307333
10148,-16.5020056514478,47.0185623396198,64.4854306020938
10149,-16.3076511069633,47.1347101140871,65.4782916828944
10150,-16.300443633842,47.160682768473,65.498199878544
10151,-15.4300507275286,52.8359227306525,69.6238722757519
10152,-15.4261223822092,52.9374166446686,69.4940167088301
10153,-15.4261223822092,53.069908400681,60.1356580645064
10154,-15.4308288696547,53.0932998404578,59.891161742368
10155,-15.6154825184878,52.9157553778011,58.9397580329087
10156,-15.6228288180268,52.7576816037314,58.867139481953
10157,-15.6228288180268,52.612781163022,55.416829187902
10158,-15.6228288180268,52.3603966838467,54.8772108860824
10159,-15.0506262924366,49.4321265898859,50.6017248152373
10160,-15.0094221425604,49.2350063483841,50.5670334282369
10161,-14.8094709372975,48.239904443653,48.4719857534492
10162,-14.7944650536608,48.0287897935205,48.5483126077493
10163,-14.8013813005057,44.6696935262487,48.5110369124457
10164,-14.816393562834,44.6430010216128,48.6665693513596
10165,-15.0883915746331,43.2750127787443,47.2774506996731
10166,-15.0807042268631,42.9923690423391,47.3160065068824
10167,-15.0986045636783,42.9882205047259,46.8194721432286
10168,-15.1194457539044,43.0503126610722,46.7132657242905
10169,-15.2757352105865,42.5589278080121,45.9185840959752
10170,-15.2955570820047,42.6400077834176,45.9937301071621
10171,-15.9408670829485,38.8247109369018,45.5878820956447
10172,-15.994503408755,37.8699593211456,46.0098642187618
10173,-15.994503408755,37.8685514363081,46.0112849249731
10174,-15.9782862090734,37.8434748705688,46.0230673542956
10175,-15.142597803867,39.9678344503458,45.1405559497974
10176,-15.1416855143453,39.9649459044643,45.1434048182338
10177,-15.1416855143453,39.968885341119,45.1432307923422
10178,-15.1966030936589,39.7469538234392,45.903586712095
10179,-15.4674841920788,38.0606866810527,45.3594531132398
10180,-15.4929883324297,36.436280253628,45.3138672379409
10181,-15.8129303592949,36.0423493669327,43.7144721638206
10182,-15.8690209280315,35.9838444562521,43.5573263931692
10183,-15.8939681752814,35.9079880800139,43.3657484797048
10184,-15.877308183855,35.5357048324857,43.4097733710853
10185,-15.8748288925055,35.5327931377079,43.2282453701172
10186,-15.8562612090316,35.7230641357194,43.2130709368069
10187,-15.4623518843672,34.3412818268728,42.1719040501861
10188,-15.3472658278608,34.4017789151525,42.2643039752261
10189,-15.3459707241231,34.4466407712822,42.2398142368798
10190,-15.3459707241231,34.4504711450612,42.2398142368798
10191,-15.4544703644802,34.3932417912826,42.9293938076161
10192,-15.4638758198104,34.3053672873396,42.9679425106912
10193,-15.7016259623012,34.207865485811,43.0122495922661
10194,-15.7253451813458,33.9829481462872,43.0489073203642
10195,-15.9776198077327,33.8299839646863,42.8713857834804
10196,-16.0609016727247,34.0581656106915,42.7369736829274
10197,-16.0609016727247,33.2858793680951,45.7968010591272
10198,-16.0561536677299,33.2613011301228,46.1557685287418
10199,-16.0424627282457,33.1782344856308,46.220780012959
10200,-15.852250852378,32.2649926135423,47.0738651395219
10201,-15.2292384781357,31.9407716780459,47.2286044647488
10202,-15.0633963296189,34.5791762931475,47.9944236644549
10203,-14.7985734694322,34.1094395331021,48.7633113553145
10204,-14.7851807007144,34.220791592649,48.708027679933
10205,-14.7781515287355,34.2660550092082,48.0618011950523
10206,-14.8267367134952,34.4572879646489,47.7345256165546
10207,-14.9969321898786,32.0435089558443,46.8516531550436
10208,-15.0009840020432,31.7190680329481,46.846728221544
10209,-14.9999759596681,31.7144404526604,46.4721758573347
10210,-14.9912250817695,31.5775411186215,46.3201671829542
10211,-14.8501529519202,30.9476095408709,44.2739287044454
10212,-14.8208359448019,30.9092079076465,44.3927170946871
10213,-14.8111524789545,31.2187986249719,44.4389370779886
10214,-14.8126979504951,31.0897126961325,44.6691100566426
10215,-14.8113000752576,31.0735468062644,44.7507299319303
10216,-14.8044492427574,31.262364726842,44.7612187616156
10217,-14.3636251810454,33.3219065779664,45.7923561125327
10218,-14.3156225008074,34.0377108856178,45.9543128644196
10219,-14.194716944382,34.2841375559915,46.0115947170127
10220,-14.1885397344498,34.2527248496394,46.0422061374751
10221,-14.1885397344498,34.2527248496394,46.0422061374751
10222,-14.198719967114,33.3609617901942,46.0192159818458
10223,-14.9398398858964,31.8630222017401,44.1107931468173
10224,-14.9426512550306,31.8451738326838,44.2207637299064
10225,-14.9465726097822,31.7736752205806,44.284819492803
10226,-15.889991027359,28.2688586337474,46.9821048158673
10227,-15.9058230474457,28.3144054066487,47.0263085016765
10228,-16.5666890977008,31.2537165559834,50.1446767115905
10229,-16.5806096700307,31.3563018858437,50.11860070346
10230,-16.5868714433108,31.7036200183912,55.2536643389677
10231,-16.5051890672645,31.3751164247221,55.7270411055928
10232,-16.2734531321972,33.7215960840498,58.2025112332244
10233,-16.3318472723307,34.0999558469298,58.2660006988938
10234,-16.3311679872578,38.923681049631,61.3798966164228
10235,-16.3311679872578,39.6119272152863,64.6108020980241
10236,-16.3311679872578,42.9369227244767,64.7852158138923
10237,-16.3435002074724,42.797817590755,68.1533050230994
10238,-16.3435002074724,42.7907108052499,68.5254684174972
10239,-17.3728813093357,40.9355845696218,67.8811109087633
10240,-17.5248339422495,41.5760120067588,67.3871377570484
10241,-17.5248339422495,41.5760120067588,67.3221131146313
10242,-17.5125011992627,41.6011602843643,67.3500176837471
10243,-16.8398668337826,39.6006562121897,64.4314266057714
10244,-16.8350742963208,39.7132037646531,63.5149932246974
10245,-16.8350742963208,39.7132037646531,57.0507483409773
10246,-16.8398668337826,39.4832424849309,57.0613668294759
10247,-16.9279577590709,38.8533073107919,55.5066714692692
10248,-16.9403562191923,38.2500561948428,55.4574169117787
10249,-16.9566329426952,38.2072642065325,55.0381705747793
10250,-16.9627224640379,37.8772891695863,53.4504011474424
10251,-16.8935443418718,37.0919080872973,52.9502674023271
10252,-16.9654484493701,37.0879093935886,52.568394982825
10253,-17.1175106674663,36.7155138730679,51.8117106960887
10254,-17.1492826573373,36.4331395960735,51.776021624504
10255,-17.1492826573373,36.4331395960735,51.6859440900889
10256,-17.1322493365681,36.3474071711418,51.7746100647571
10257,-16.548597921272,33.9223075314154,51.2636839519491
10258,-16.5445795938971,33.9296218849897,51.2453816871228
10259,-15.8664609029475,33.9098624324831,53.402859240729
10260,-15.8664609029475,33.9592073331789,53.3327213784575
10261,-15.8664609029475,33.9592073331789,53.3327213784575
10262,-16.0071356951977,34.4161607771601,52.771269195108
10263,-16.5627419760467,36.0330647685176,50.2594916051558
10264,-16.5629621362571,36.0252028789392,50.7461491233509
10265,-16.57383423547,36.0032746955787,50.8098879466482
10266,-16.5810771145641,35.7528765429351,50.8079098156001
10267,-16.6924564680718,32.7361718701215,55.9636174712531
10268,-16.7917559817971,33.140021541639,55.6628766923824
10269,-16.8381404976553,32.2191509374735,56.7263287117247
10270,-16.9144887905485,32.5763168887006,56.3914902623433
10271,-16.9144887905485,32.5695904970934,56.3977488968509
10272,-16.8021521406632,32.7385292710157,56.8447685857413
10273,-16.033645221351,32.9555066036277,56.3150641644782
10274,-16.0235889934326,32.9846293949402,56.2642620767227
10275,-15.5264260468362,32.7205673304475,54.9984558524087
10276,-15.5151594357244,32.6985816984836,55.0265621239246
10277,-15.5132079942416,32.6884523988499,55.0364899076735
10278,-15.5151594357244,32.6839102683698,55.0356288628814
10279,-15.609370019416,30.6561458896988,55.088224343711
10280,-15.688082756669,31.0007626033701,54.7691363075293
10281,-16.1012676362402,27.9634031924913,57.205738399041
10282,-16.1432822894344,28.1225978471244,58.0287418639513
10283,-16.1385850793312,28.107066504918,58.010891174265
10284,-16.0931317089746,27.8828756381965,57.2070856125819
10285,-15.3269701877959,28.415325343913,52.8845208001487
10286,-15.3139168872358,28.3910814280417,52.9376512440294
10287,-15.2998246100002,28.3651887746608,53.0047202136559
10288,-15.2735212645258,28.2165771188767,53.2163592355087
10289,-15.2239281809614,28.1666402510948,53.5427718602578
10290,-15.1790936973991,28.4397586728152,53.7350114495523
10291,-15.1712653621209,29.6465551861351,52.2335802064136
10292,-15.161933851846,29.59815965789,52.1477926083485
10293,-15.161933851846,29.596448437158,52.0976828423621
10294,-15.1712653621209,29.1913800186002,51.9668284854157
10295,-15.1784748429283,29.0144996389726,51.8606414857553
10296,-15.1784748429283,28.7946565202599,51.7045553035603
10297,-15.1769412982149,28.513884707588,51.4859067473211
10298,-15.139431540524,28.3500552730934,50.2170702513089
10299,-15.0999904221132,28.3101216788694,50.3819102204901
10300,-15.0999904221132,28.3057659880304,50.3859589745112
10301,-15.0999904221132,28.2469914399883,50.5516021605122
10302,-15.1257237639903,28.3877972445286,50.626925963835
10303,-15.0033230968238,27.8474388956255,51.4970489066233
10304,-14.9785768436527,28.2779822513986,51.7288746717413
10305,-14.9785768436527,28.4691120838899,51.7305540653976
10306,-15.0033230968238,28.6019854702129,51.740660696872
10307,-15.1525724290856,29.216270938857,53.374598250616
10308,-15.1867011460945,29.0331796037948,53.2380847237188
10309,-15.8715843388604,30.0641287414827,53.6425726599253
10310,-15.8818408853823,30.100238775846,53.7070195606563
10311,-16.6515493181012,28.8313442535467,57.0869921556333
10312,-16.6901445480746,28.9494418423972,57.2113978404208
10313,-16.9210821357369,29.554264988698,62.8644111862154
10314,-16.9375237899142,29.6496685607533,62.8460131953847
10315,-17.0919664174684,30.6532855518967,67.109850184365
10316,-17.1132418445241,31.6891576817529,67.6487655593732
10317,-17.1565612656283,37.3214949348881,69.3962257970705
10318,-17.1361512919161,37.2388712620447,69.6983307236902
10319,-17.0281047244535,37.3123413456247,70.2495630720255
10320,-16.9981281574168,37.3900598030944,70.4065779516144
10321,-16.7518338739996,37.8128446596955,71.4267628867652
10322,-16.7252712220137,38.2091659721581,71.4347793278296
10323,-16.7252712220137,38.9889357026685,71.4565782665972
10324,-16.7518338739996,39.1742893886278,71.3382075181458
10325,-17.0461605896124,40.6421882396553,70.1949357186395
10326,-17.075865957903,40.9139236574567,70.1456690082624
10327,-17.1810658690322,41.289238601951,69.6348322332662
10328,-17.2017364132453,41.2339611656034,69.5127487911773
10329,-17.2017364132453,40.130681489521,69.1534935217997
10330,-17.1757828603799,39.8031726038815,68.9649099553383
10331,-16.7942976892918,37.5410355163251,62.312731391649
10332,-16.7831237926256,37.479490169765,62.3229370597248
10333,-16.7768166243166,37.0902336179631,60.2422275493363
10334,-16.7666409070439,36.8288736308052,60.0613626911906
10335,-16.7666409070439,36.7156360907999,59.9700781560844
10336,-16.7856902900972,36.7844909704622,59.7976418395231
10337,-16.7957011345495,36.6005351142321,59.6552370298355
10338,-16.8192305326098,36.4738943066791,59.4509366343678
10339,-17.1488257172812,34.5770966288901,57.8113531984846
10340,-17.1601551101689,34.452142711488,57.769805562572
10341,-17.1791767332873,33.9846261888255,59.7653618860561
10342,-17.1762654879554,33.9482100890365,59.8500045880951
10343,-17.1762654879554,33.7708695508459,59.845467578975
10344,-17.1295209991158,32.9964638496789,60.0734623661467
10345,-17.118851660617,32.8546606033537,60.0986301681042
10346,-17.02636554836,32.3759961878121,60.546058828882
10347,-16.959053754729,32.2280051419341,60.7653874522565
10348,-16.9056402138954,32.5914863139692,60.9440528950986
10349,-16.7155068071861,35.0551238451005,60.1184535550825
10350,-16.6936102542947,34.9579837994273,59.5025825245756
10351,-16.6792809819632,34.877734523895,59.5809014962733
10352,-16.678663738702,34.822729905539,59.5839929766478
10353,-17.126251749715,33.4957634567033,61.8438844055193
10354,-17.1423458803337,33.4004796583723,61.7758311662924
10355,-17.1423458803337,33.4001965031962,62.3221507369296
10356,-17.1436969496406,33.4162101415854,62.474709428062
10357,-17.1328657526333,36.6261994291366,62.6253401024558
10358,-17.1030085732617,36.5224641680723,62.7753677238586
10359,-17.104570004467,36.4764139888983,62.8687880594626
10360,-17.1123718529186,36.4839349172811,63.1146569743601
10361,-17.0581575365589,36.1194211132655,64.1465942462378
10362,-17.0378941399473,36.008932017914,64.296985205081
10363,-16.9034549607588,35.4563883689925,64.955266592475
10364,-16.8661193812555,35.6768431981531,65.0266597268739
10365,-16.5419084794797,35.2288450419035,62.0884158348164
10366,-16.5391920700625,35.2479611001046,62.0412909232675
10367,-16.5391920700625,35.2508931265387,62.0334539767514
10368,-16.5997768318019,35.4918314349037,61.7623398766247
10369,-16.9365572744019,33.5052012672642,60.4120358192976
10370,-16.9780726820561,33.3706989763799,60.3332742284707
10371,-16.9780726820561,32.6215153687856,60.330573368949
10372,-16.9136935959478,32.3058107044238,60.6741595528347
10373,-16.7787318643947,31.6010803231809,61.1790998020503
10374,-16.7609251882033,31.6915858946702,61.2185116552092
10375,-16.7099017511516,31.955248250193,60.8027032804812
10376,-16.6390673676606,31.9772401365706,61.0292533217353
10377,-16.2734733972941,32.2854137270687,59.8581691557252
10378,-16.2414910244049,32.2556827916159,59.920625036745
10379,-15.7224912085784,32.4296276040623,60.9985889137038
10380,-15.7166817295132,32.4711163748984,60.8756582195279
10381,-15.7166817295132,32.4763152979094,60.8709676781278
10382,-15.7166817295132,32.434825816726,61.0826573319465
10383,-16.2168871024215,29.8660331152692,58.9608289975773
10384,-16.2531163807472,30.0214283118626,58.8814629676844
10385,-16.2888491067012,29.7134712436942,58.7205666542949
10386,-16.3333751656056,29.8381594418352,58.4004579859979
10387,-16.3408913072365,29.7319581603772,55.5121081115019
10388,-16.388526050416,29.6652056358355,55.2724020129614
10389,-16.7148243031801,29.1900430837657,53.6300037739201
10390,-16.728980268056,29.2436734568499,53.7195736683895
10391,-16.9124170961719,29.4785557795045,54.0517137877378
10392,-16.9191891994073,29.1329887493798,54.0249040811384
10393,-16.9347815418454,29.2027408291983,54.039928813929
10394,-16.9257508065772,29.1625112294724,57.6828343404435
10395,-16.8583198655154,29.3786408326487,62.3487749045717
10396,-16.8503945697029,29.7608863279288,62.3938163906733
10397,-16.8538032425271,29.922217111358,62.4595999853361
10398,-16.8822291197919,30.2834122588362,62.729087845674
10399,-16.9890326644155,30.8289127344511,66.6681007834631
10400,-17.1181718789319,31.1192359510025,68.4001677004673
10401,-17.5840701719141,32.5456363307959,70.710450730639
10402,-17.5863237136646,32.5383633587774,70.7166751605439
10403,-17.5956654286766,32.5840488741154,70.6885502986932
10404,-17.5524474942178,43.3311559838499,71.3286977839387
10405,-17.4817558290292,46.8577968087799,71.5400041948199
10406,-17.4003622319719,46.759269913687,71.6623386607038
10407,-17.3381135522473,46.4493001102683,71.9211087804781
10408,-17.3134502919766,46.337328215832,71.2155713407525
10409,-17.2767120525792,44.7283003366542,70.0567465162156
10410,-17.2491534114388,44.576926545835,70.1315983154108
10411,-16.9015132561911,42.8441965533537,67.2273121021069
10412,-16.8764764148357,42.9072045288303,67.1293637382553
10413,-16.5137703597188,42.2744582980608,66.9694919976075
10414,-16.5137703597188,42.2859554106264,66.9038450901494
10415,-16.5137703597188,42.2777206313292,66.792955209688
10416,-16.6659152787688,40.8350007893645,66.50164389059
10417,-17.230169188829,38.5472284847223,63.718689042045
10418,-17.2457091504112,38.5117666633562,63.6142805535751
10419,-17.2213738637979,38.0643231448952,62.3062568907508
10420,-17.1934682794544,37.8833660870654,62.1914595174013
10421,-17.0626195260489,37.2272232079595,58.1667369938276
10422,-17.0623274546355,37.2257584833733,57.9917919542811
10423,-17.0628771241317,37.2596334599388,58.0202036050681
10424,-17.0647901275729,37.1458523541906,58.2017976631604
10425,-16.9862196801609,37.2928960856858,58.0982298794761
10426,-16.9348060288259,37.0668229010573,58.022752525702
10427,-16.6889120759468,37.5107489915632,57.7503753003676
10428,-16.6719912689555,37.5304219776049,57.7969738522198
10429,-16.6719912689555,37.5191581081893,57.8080538271311
10430,-16.6724012514423,37.4693550892395,57.8244915068534
10431,-17.059657374908,36.2630233481805,57.7352301370905
10432,-17.0994878198359,34.0261590642663,57.7898741315332
10433,-17.0994878198359,33.3073322257963,57.8364371761216
10434,-17.0832741531201,33.323812966796,57.6781177432022
10435,-16.9336728530958,32.217569124809,56.8062236022704
10436,-16.9071016193764,32.4705841568411,56.8121442455464
10437,-16.8158616752855,32.1874293757823,55.2252167632103
10438,-16.8323325315492,32.441542160716,54.9908982029281
10439,-16.9014180390499,34.7204801686422,55.0246348912859
10440,-16.9081607520769,34.9447241315841,55.0116249273977
10441,-16.9081607520769,34.9448398153089,56.5779569923984
10442,-16.8769479734386,34.8288335860188,56.7838693864778
10443,-16.7625574835283,36.3501861554801,56.8974579714654
10444,-16.7235112409075,36.8003786859838,56.6473591528928
10445,-16.5420838227194,37.1762123756741,55.0562516907377
10446,-16.5420838227194,37.2197053297071,55.0287722601559
10447,-16.5130824613716,37.0934955841387,54.3374173442929
10448,-16.5192388427607,37.4420849806075,54.2824679072909
10449,-16.5192388427607,37.4414585791328,55.1253518501141
10450,-16.5092410344355,37.0490588905296,55.2133567716492
10451,-16.4754890263589,36.0738336768781,56.4331335890138
10452,-16.4738766129255,35.5529434143109,56.5590966241402
10453,-16.4274304172584,35.1930979856157,56.9109466838424
10454,-16.3714187685772,34.9101893989307,57.1696871893793
10455,-15.8260243553867,33.8880918455185,54.4672182086147
10456,-15.8007762535849,33.9373542240028,54.5575797436207
10457,-15.307579844606,31.9949753639073,56.4268560535562
10458,-15.300666464907,32.3091460856355,55.8542218540509
10459,-15.2958009221518,32.3091584315413,55.4434161758089
10460,-15.2973729192911,32.3399362561376,55.2837030330915
10461,-15.4837005231644,33.1947191054486,54.3193855760968
10462,-15.5192028477955,33.0775277829228,54.1418690333043
10463,-16.0226450346347,34.0511735365901,52.3104750779258
10464,-16.0312341211825,33.4653654696063,52.4031051024903
10465,-16.0904722389056,33.6621083165354,52.2098184472867
10466,-16.0896454854334,33.4524263308945,52.2606836571607
10467,-16.0936784428289,33.265339282481,52.199694890855
10468,-16.1133147956025,32.465325715104,51.2952639026662
10469,-16.1555759212449,32.1324920839068,51.0567812306122
10470,-16.1723987820848,32.0123979898795,50.9633351963463
10471,-16.1385443368257,31.9552720752056,51.5266011086132
10472,-16.1313693609953,31.8890776977932,51.5736843776937
10473,-15.8295569222837,31.5856972855264,53.2826193376316
10474,-15.80630838407,31.7261092811806,53.5176409132463
10475,-15.7204733318863,31.4195295546003,55.5884270329046
10476,-15.6891697281419,31.2579445823856,55.9107674254572
10477,-15.6891697281419,31.2645245214642,58.1417015954196
10478,-15.6891697281419,30.6943844012932,58.197815146311
10479,-15.8775700457253,27.2057582630609,58.9010885873709
10480,-15.9109489904522,27.3195260960356,60.4980700396235
10481,-16.6416224011291,27.7417296707656,63.8464982240643
10482,-16.6475739129764,27.4782549508425,63.8591299735114
10483,-16.9423603502857,28.5297731643367,73.1740212803053
10484,-16.9472352575936,28.6196660009024,73.1707402439388
10485,-17.0790252113005,29.4997826129523,72.5315491421068
10486,-17.0201754301894,29.2796091615923,72.7689237745991
10487,-16.2487515300421,33.7297104508241,74.7573145932711
10488,-16.2643245123087,33.8869605989716,74.783954416443
10489,-16.2592591106612,39.6613254411967,75.348771808531
10490,-16.2530626993939,39.8888808695905,75.4847051463624
10491,-16.2597987250631,49.4611426943947,74.9692640546662
10492,-16.2272378052597,49.373714885363,75.1047240445089
10493,-15.9353171665856,52.4889053538889,74.854327303921
10494,-15.9436045805616,52.552918590669,74.0411182881343
10495,-15.9225073198334,52.5617762919342,70.7513381462009
10496,-15.9205239493267,52.4746522720233,70.6496123272687
10497,-16.2716134817159,48.345182542838,65.1297601993082
10498,-16.2963787290298,48.1582951780364,64.764873565547
10499,-16.2514269264474,43.6850106796802,64.5608643061972
10500,-16.1107756115725,43.1059028415711,65.5029889805193
10501,-15.6658174836333,40.9343332753738,67.7295531409626
10502,-15.6417933241008,41.0418171552371,65.9849976809148
10503,-14.810913817999,39.136797876197,56.8037402364264
10504,-14.8098239130087,39.131343199882,56.7672711182875
10505,-14.8098729628183,39.5768784321814,56.7670208915191
10506,-14.8165897329231,39.0573147939879,56.8562701006941
10507,-16.0711532565148,37.923191973023,51.884469698108
10508,-16.083055107998,37.9253543769929,51.8840783626983
10509,-16.1852980140234,37.8638379643807,51.4341219908019
10510,-16.3754488461168,38.1777549015435,50.3858010177827
10511,-16.4834388828486,38.6715845469004,49.8086967009303
10512,-16.4834388828486,38.690903510199,49.7943654900471
10513,-16.4834388828486,38.8808301385072,49.1087045637305
10514,-15.9549316990504,36.3514829594769,51.0699272666069
10515,-15.2838069695945,36.3521266363947,51.0171673849022
10516,-15.2724452330889,36.378311468895,50.9165400684621
10517,-15.2724452330889,36.2824311231993,50.9165400684621
10518,-15.2780807254706,35.9691001096844,50.8973346568199
10519,-15.8517250384281,36.0843589654354,48.9892930156152
10520,-15.8542553755989,36.0097705910299,49.0135257064548
10521,-15.8542553755989,35.8178634005756,49.0135257064548
10522,-15.8098199906209,35.5809783497684,48.9346665178578
10523,-15.3546040165195,33.2756887872885,49.4819626221707
10524,-15.3440569088165,33.0056257775545,49.492624396215
10525,-15.3440569088165,32.8174197682914,49.4986496809451
10526,-15.3482461838309,32.5270942767652,49.4865051580573
10527,-15.4909995639106,33.0466425888998,51.4795510264164
10528,-15.5272773232172,33.2291003239233,51.2979337125851
10529,-15.5222400980686,33.3941663583724,51.323479360166
10530,-15.4795172971611,33.8365698927625,51.0606804817884
10531,-14.8610527993251,33.1449635498101,47.8257950275394
10532,-14.831642887486,33.0253618242955,47.9454891139535
10533,-14.831642887486,33.7386809512657,47.9454891139535
10534,-14.8903993852401,33.4497151210105,48.4484151567874
10535,-14.8903993852401,33.4143924652571,48.4837935921747
10536,-14.8609367020709,33.8065081231759,48.6376169231048
10537,-14.9586274500213,34.305593706847,48.5392945748342
10538,-14.9108733431414,31.5545574738699,48.7661825894435
10539,-14.9299406187662,31.4783062804085,50.6760395496167
10540,-14.9777501374509,31.5252058771393,50.4517025569964
10541,-14.9777501374509,31.5229398762826,50.4538689859816
10542,-14.9206425323459,31.4318549621166,50.7401716486976
10543,-14.4290530321194,33.7873689148234,52.3093475026313
10544,-14.4290530321194,33.8282870934063,52.2523957321215
10545,-14.3990017679775,33.6392337808669,52.3455810010488
10546,-14.4258184429318,33.7029104680426,52.266503410613
10547,-14.8652700834102,33.1708937195652,50.0980490641871
10548,-14.8576319999726,33.0988477231134,50.0874368202501
10549,-14.8529240072328,31.6608000553059,49.9109328255156
10550,-14.7642242934116,31.2714912516494,48.6748782707875
10551,-14.7585224219494,31.2795305803543,48.696877676788
10552,-14.7500201716616,31.0190768265429,48.7252902609773
10553,-14.7946742410465,30.3076438561703,49.9532934627447
10554,-14.7946742410465,30.3290293593956,49.9497235094062
10555,-14.8024200148693,30.3644160622706,49.9029422871423
10556,-14.7982195363399,30.5582329385812,49.7953347109127
10557,-14.491640346846,32.0675557774961,49.890679186216
10558,-14.4536805334898,32.9641539286254,50.0513918179528
10559,-14.3592577681968,33.2858183051562,50.4635790048096
10560,-14.283328473401,33.3077291102571,50.737073356088
10561,-14.1965060665795,33.6770426269733,51.17810835014
10562,-14.1486623296655,33.470568402657,51.0385398018402
10563,-14.1486623296655,33.4456266059898,51.0630124350488
10564,-14.1486623296655,33.2095708546817,51.0899973836521
10565,-14.9299019027095,28.1261016381644,48.6571877972748
10566,-14.973065816461,28.180380823985,48.6123689049916
10567,-15.3485196491822,29.8470869104354,48.862068851121
10568,-15.3442735191453,29.8307380414937,48.8787814357855
10569,-15.3442735191453,30.1733435249049,48.8787814357855
10570,-14.8684753871101,28.4726999058273,47.6928810336988
10571,-14.7537686584189,28.7686265500461,47.6860593890871
10572,-14.7192124494717,29.01708857942,47.8443555084921
10573,-14.6915892343239,29.7864289393032,47.9382612369903
10574,-14.6635260993597,30.3092506719572,47.8564252691436
10575,-14.2234769813456,30.687382350641,49.9007941487997
10576,-14.1835357171127,30.9508506781383,50.5258901225091
10577,-14.1835357171127,30.9470682301323,50.9128129080705
10578,-14.223162841791,30.5236496527644,53.823644695898
10579,-14.9347693638582,30.0170626186895,50.2534090237945
10580,-14.9347693638582,29.8810007973076,50.2534090237945
10581,-14.9347693638582,29.8169971174662,48.1379944869824
10582,-14.9305312829795,29.6946481556675,46.4496089026079
10583,-14.9305312829795,29.4649338392327,46.4096944444235
10584,-14.9336991055044,29.2880176273369,46.3598402138384
10585,-15.2435327364584,28.2054065263921,46.4748654427513
10586,-15.246928958633,28.2229465797933,46.4573848275932
10587,-15.246928958633,28.1767445588622,46.5029474298864
10588,-15.2427650175957,28.5963522761576,46.2543590882947
10589,-14.7093462982367,29.079024600717,47.3240151936972
10590,-14.6931849648644,29.0534493531024,47.3654623886317
10591,-14.6707454099456,29.0550298737669,47.4641345517228
10592,-14.6453295999944,29.2381448021035,47.7101907332533
10593,-14.5964515673876,29.0617925677013,47.9441864856624
10594,-14.5488171603168,29.2167472718458,48.1859292891074
10595,-14.5268980949069,29.2986807214706,46.3693929808535
10596,-14.5268980949069,29.2995322113636,46.3458724111267
10597,-14.5268980949069,29.2999877966683,46.3454173271882
10598,-14.5616581987352,28.8194545521779,46.186568783412
10599,-14.9468461219809,29.9043202058629,46.5052351671112
10600,-14.949219824137,29.0124223132039,46.4923616501837
10601,-14.9809895465328,28.8831736125403,46.3072047323719
10602,-15.0162936876456,28.645856941305,46.0793820281348
10603,-15.0138790106861,28.6351269726575,45.9713427573602
10604,-15.0138790106861,28.6417439730716,45.9613642481111
10605,-14.7069302582692,29.6598705126093,46.9734042378558
10606,-14.6297232875084,29.5575785053354,46.9004603700778
10607,-14.0811011232909,30.8956969067215,47.0541910838494
10608,-14.0701634388465,31.0058993504594,47.0389161957194
10609,-14.0568872007115,30.8824549209661,47.2887817886791
10610,-14.0647135090539,30.7871787509614,47.3465421354339
10611,-14.65032232876,29.3512361983878,47.940917665457
10612,-14.6608420075127,29.153994784107,48.0316261358571
10613,-14.6907672138977,27.7046781962993,48.0627669827405
10614,-14.6914631978916,27.7068102288733,48.0568274392677
10615,-14.695659947111,27.7217839778473,45.4403010887212
10616,-14.6949637820516,28.08037138612,45.3472360284486
10617,-14.6935133100768,28.2276655531043,45.2243695428893
10618,-14.7067811007878,28.380464212499,45.1314694945656
10619,-14.7067811007878,28.4845371077272,45.1281372250268
10620,-14.7067811007878,29.1356801332797,45.1184925194944
10621,-14.4606074792393,28.5987820434178,46.4608202222946
10622,-14.4628417083485,28.6118966626205,46.5563865621915
10623,-14.3561137064268,28.9812373582751,49.0916199947643
10624,-14.3600379228996,29.0012901169192,49.1511317889947
10625,-14.350759804563,28.9531175737242,49.1992725530981
10626,-14.3350421639888,28.9838053055781,49.2768191509552
10627,-13.6589752922571,29.5247026190826,48.727415130446
10628,-13.6587845373695,29.6486926696916,48.6844456651881
10629,-13.6572942109989,29.7138272097532,48.2676372199368
10630,-13.7325485753646,29.8218752761242,47.8732650555609
10631,-13.7564316591968,29.7643128788469,47.7217093282674
10632,-14.2028356169026,28.4576862702192,45.5917258523774
10633,-14.2667496408236,28.4387128986196,45.2657756910376
10634,-14.3256801048729,28.2716410426075,45.0110393780107
10635,-14.4465930566494,27.3116820789438,45.5853443253053
10636,-14.636744192225,28.2826881626044,44.6709568923973
10637,-14.636744192225,28.1940977494321,44.7879547452917
10638,-14.636744192225,28.4378414457675,44.7977136552195
10639,-14.1420682526489,28.9982752365817,46.5385734397506
10640,-14.1385090975395,29.0925536110949,46.4959839709185
10641,-14.0089299495599,31.6869455455712,47.1616789933874
10642,-14.0016593105513,31.6433534172998,47.2653001285109
10643,-14.0016593105513,31.6433534172998,48.9769699760049
10644,-14.0154431873992,30.8442244407613,48.9744369886163
10645,-14.1045272852464,29.119512342981,48.6042857387051
10646,-14.1045657155934,29.1104892688117,48.6393819829138
10647,-14.1348263352866,29.2758631678071,47.3192722801079
10648,-14.1257540392397,30.4236322490291,47.2886055488331
10649,-14.1257540392397,30.4916537876808,45.5927817899019
10650,-14.1296267798049,30.5122285471492,45.5421611319599
10651,-14.2771821830417,27.7395123311045,44.5384093797243
10652,-14.2860621315574,27.7723310758283,44.53185719742
10653,-14.3316485706447,27.980850896052,44.3375533711879
10654,-14.3500200418651,28.0249191066,44.6157613090621
10655,-14.3634259775584,28.1237136134452,44.7991906349447
10656,-14.3538781492722,28.1147739472814,45.1262097328759
10657,-14.3507081825239,28.006055277205,45.2259359909053
10658,-14.3050962159708,28.5238139066962,45.4909948759878
10659,-13.8128048160051,29.5620728899703,48.1160423044057
10660,-13.7975294468926,29.5279030961077,48.2239042075476
10661,-13.7740395237841,29.4535217285774,48.3051019675638
10662,-13.7679068916812,29.2951124677664,48.3589242616598
10663,-13.7663901216969,29.1696710054288,48.3985903316123
10664,-14.4109326927111,28.7976461152192,47.2016696519452
10665,-14.4233760690831,28.8167287178802,47.1662658975335
10666,-14.4233760690831,28.8096799294067,47.1929431202318
10667,-14.4109326927111,28.7471703886453,47.2576191022913
10668,-14.2750754856464,27.9468849431704,45.0591604566912
10669,-14.2924392894493,27.9322307884867,44.8039076614675
10670,-14.2924392894493,27.5909784451891,44.774743434455
10671,-14.2991840182028,27.1303918533559,44.7103351887337
10672,-14.3034428078914,27.052320827962,44.8042505923703
10673,-14.3057659414313,27.0585361453599,44.7697460046826
10674,-14.2726293012558,26.8718879377058,44.9422126187971
10675,-14.0055939100062,27.5376970340832,46.3143793237416
10676,-14.0052314460427,27.7123770640309,46.3473100234331
10677,-14.0022931321203,27.7554275681378,46.5326975170543
10678,-13.974523242267,27.8956411165581,46.7568589094088
10679,-13.670730157476,29.1629105863058,48.1476921402135
10680,-13.6488723730364,29.3379918304275,48.1606416780493
10681,-13.636788300418,29.2774167174416,46.7233918043078
10682,-13.636788300418,29.0243890637625,46.7065551308483
10683,-13.6531373196957,28.5871002675118,46.5188058398074
10684,-13.6785345063726,28.6058623741003,46.251239031573
10685,-13.7843966633678,29.0546043078898,45.7197794890756
10686,-13.9098030317761,29.2795427486474,45.0744048430657
10687,-14.5732885246985,26.6139811863681,43.0331250151635
10688,-14.5851451515415,26.6213439319646,43.0172813285067
10689,-14.622653398314,26.8110967215213,42.8272173720087
10690,-14.6348090414372,26.8953220021013,42.7548945533528
10691,-14.6267319313198,28.3038433065094,41.0345316095577
10692,-14.6158996277586,28.3185594037699,41.0562466851714
10693,-14.09393708358,27.6377087925981,41.8489376368147
10694,-14.080370213361,27.6438358621575,41.8775656015539
10695,-14.0631366279788,27.5662384277372,41.2982175808298
10696,-14.0557506958795,27.8408205887049,41.3172928786066
10697,-13.6814229726582,29.4980690596578,43.1525251476137
10698,-13.6446410039239,29.6116561073792,42.8541240289183
10699,-13.6446410039239,29.616773467757,42.851872802435
10700,-13.6636439362913,29.7132985895654,42.7558590089478
10701,-14.046387084106,30.5678356898234,41.7024936494858
10702,-14.0606163700214,29.3635637220053,41.6568579254367
10703,-14.0979129779842,27.8839563602902,41.5231090198069
10704,-14.0979129779842,27.8306157033877,41.2766295949527
10705,-14.054666981318,27.6720247663512,37.8634493754185
10706,-14.0365070009376,27.608394405243,37.8861350497708
10707,-13.9807828614175,27.6675533808074,37.9346528977637
10708,-13.9756409208519,27.6410714780011,37.762907053708
10709,-13.9552086203859,27.535917151602,36.6647272571745
10710,-13.9604211868386,27.3225516405712,36.6131766083233
10711,-13.9592873091626,27.3306732613608,36.323906738932
10712,-13.9456569202745,27.2675408351412,36.2766990570127
10713,-13.1183539989939,26.6336689828164,38.4400612250865
10714,-13.0723758210541,26.4934705327291,38.5662034163581
10715,-12.3268179859894,26.7030678836643,39.338147890334
10716,-12.3289761422895,26.7362882058314,39.2819409352937
10717,-12.3289761422895,26.6491757664744,39.2805144581292
10718,-12.3677152512487,26.3498473642003,39.1050376631924
10719,-12.832090312638,28.1631080469696,37.8376517375885
10720,-12.8540048456696,28.252951630522,37.7299453605566
10721,-12.884184627157,28.5161753421942,37.5456831251692
10722,-12.8733717737496,28.7025943367827,37.1353244845527
10723,-12.8733717737496,29.3819597584155,35.418093157682
10724,-12.773044888731,28.8687996702017,35.9147858278196
10725,-12.7950775295473,28.8833715974663,35.6562910604592
10726,-12.7950775295473,28.4498130210262,35.0962507482434
10727,-12.7950775295473,28.4498130210262,33.5127083388314
10728,-12.7614607209809,28.2587740207448,33.6156653486058
10729,-12.481434544943,27.026556551759,32.2199498493451
10730,-12.4784640970383,27.0122463464549,32.2368642048821
10731,-12.4778569466258,27.0595957092421,32.2458121800713
10732,-12.4787152657108,26.9726138787252,32.2472843756978
10733,-12.4940258178831,27.0059167285553,32.3958265473544
10734,-12.4920721718144,27.0532672581453,32.4060393800677
10735,-12.4741055756785,26.975386485785,32.4993261858043
10736,-12.0647398256301,25.8211795324865,32.4846165076807
10737,-11.9812600578843,25.4018556858892,32.7381703598025
10738,-11.9812600578843,25.399665081887,32.7404266491056
10739,-11.9812600578843,25.0407743955318,32.7957826975261
10740,-12.9035677108196,27.0877531750298,32.0882857342775
10741,-12.9083597040547,27.1125752133583,32.1071862370614
10742,-12.9083597040547,27.03608299988,32.1411778633258
10743,-12.3595399261356,23.9245695398651,30.4161782461946
10744,-12.3512368223396,22.8647414178602,30.2120635499361
10745,-12.125325494843,22.0113295048337,27.4878449317566
10746,-12.125325494843,21.9755480847658,27.4807625824097
10747,-12.1319632579409,21.7805880852834,27.4206033080361
10748,-13.6772434257389,19.436986867225,25.0981625808041
10749,-13.677553021774,19.4381212650456,25.0968695229825
10750,-13.6786823698595,19.4595678724865,20.8276074031561
10751,-13.6785452077006,19.4728860033512,20.8096743141852
10752,-12.3476138445049,22.024871970896,24.7185107911414
10753,-12.3347059236053,22.2894984792981,24.6145234011013
10754,-11.4524185669956,22.6611002138037,22.7836059205147
10755,-11.4432346660347,23.7804254318878,18.7831857718437
10756,-11.4226622019118,23.7076989120144,18.937762510939
10757,-11.4715137450251,25.2153916370912,18.3649305786426
10758,-11.5008551968522,25.2315176138507,18.386801528811
10759,-11.5891595640023,31.8407132160251,18.9640641108375
10760,-11.5633193369832,32.2748947361006,19.3580685261274
10761,-11.0730893044672,29.8050433706782,31.6813090268022
10762,-11.0579479222407,41.9626506971643,32.0071157501901
10763,-10.5514965704253,39.6647804568955,34.2548781222339
10764,-10.5436177611191,87.7967439281649,34.2212499345643
10765,-10.5436177611191,87.8439388552906,39.8555554253606
10766,-10.5440230301557,87.8433031399664,39.8561241650118
10767,-11.6417803715602,91.4179653976649,60.6910199081369
10768,-11.6841130994692,89.7245597565879,60.6471252992973
10769,-11.6841130994692,48.392420965315,60.9802116816349
10770,-11.6835515754574,47.6021702024161,60.8635031358608
10771,-11.4627651246781,46.7400305598683,28.6212565745869
10772,-11.4379446593818,47.5239154893326,28.1787337576355
10773,-10.548006076585,43.1081982933518,21.9341570222488
10774,-10.548006076585,43.8821196475315,21.9385720669981
10775,-10.548006076585,43.8778382443835,21.9022976186913
10776,-10.5678951131842,42.7975707918194,22.4500693277248
10777,-11.0261825325422,41.0389767707876,26.8697652008659
10778,-11.0261825325422,40.9607256830935,27.0050255157206
10779,-11.0261825325422,39.9559105526666,26.9114877030227
10780,-10.9927804764272,39.7908269348649,27.0999790654678
10781,-10.72948652243,38.3212189835442,29.0268655882033
10782,-10.7282451229327,38.314641455907,29.3625572824531
10783,-10.7282451229327,38.3411122430971,30.6368882063814
10784,-10.7345290290972,38.1074955183594,30.5806616396787
10785,-11.0976078778206,38.8661534544283,28.6681989706064
10786,-11.1097040063489,38.9105887645079,28.6182519900144
10787,-11.4183419664057,38.4826861567382,28.892622208989
10788,-11.4263794931106,38.4662141718394,29.032201070768
10789,-11.6601511276268,32.9839792056818,28.2710123123123
10790,-11.6720009177147,33.0501908797819,28.2187060720502
10791,-11.7295416692279,33.3552780562745,28.0557538702985
10792,-11.7293600418271,33.7122267154193,27.5112939589068
10793,-11.7242003176626,33.9304053744372,27.4988747670717
10794,-10.7705964873692,36.5548802189831,27.1402086464616
10795,-10.7705964873692,36.5675184438806,27.1147053529307
10796,-10.7603188577986,36.3329403555288,27.169620029125
10797,-11.4990312174482,32.227423269605,26.9159424189411
10798,-11.5036273773838,32.0610421016681,26.9627138985437
10799,-11.5746423331507,32.2721229079601,26.7860448983981
10800,-11.7787167135435,30.6974694519538,27.8342003288589
10801,-11.7787167135435,30.7604699784368,27.827945749608
10802,-11.7787167135435,30.7697345187759,27.8267219743775
10803,-11.1945471778799,29.8524693130685,23.8139518086886
10804,-11.1841182458112,29.904250794839,23.7863848696257
10805,-11.1723241488746,30.0480206955089,23.7825507624757
10806,-11.0072654186061,29.3595059120813,23.369028219874
10807,-10.6370921567543,29.9589262770778,25.2491005861198
10808,-10.6370921567543,30.0369621170167,25.2448897899866
10809,-10.6370921567543,30.0340618742309,25.3746418276424
10810,-10.7099811168203,31.4540984502029,25.3613783793495
10811,-10.7671282346864,33.1982771396528,25.0988954640972
10812,-11.1024687113721,34.9487858883316,23.4741772931058
10813,-11.1024687113721,36.3639939058767,19.7169778605596
10814,-11.1024687113721,36.5012452089243,19.9491268129416
10815,-10.5896127175825,36.7685414391603,13.7256924262903
10816,-10.5831049422777,36.7733580214047,13.7553829455856
10817,-10.5831049422777,36.8832049542743,13.1524890566161
10818,-10.5831049422777,37.0432929175038,13.0320989725071
10819,-10.6285737884412,38.0632801961844,12.7901738406556
10820,-10.6425292401535,37.994811509434,12.7174635140862
10821,-10.7873893754525,38.7718239431903,17.8233407196849
10822,-10.8820498938926,39.4041088117437,17.4240756687908
10823,-11.5910210408486,52.8902773587496,18.4242062740467
10824,-11.6058992038865,53.4091335111163,20.4438465373333
10825,-11.6105178774131,56.1338791106535,25.9353815044267
10826,-11.6224354875202,56.2380974589308,25.7892665779315
10827,-11.6546080381471,85.516809161808,25.5048068826292
10828,-11.656777615647,85.858480242538,25.3564534650667
10829,-11.61895288332,91.9644975552417,22.8065734097995
10830,-11.5860995603304,91.9771597543379,22.9657297893484
10831,-11.4657212385054,95.7348153795982,24.5927881867308
10832,-11.3853873572806,95.3945646526695,24.8352189811891
10833,-10.9644037404726,93.3991446608394,26.7924400092643
10834,-10.9627416442664,93.3633336925408,26.9308328893846
10835,-10.9502551826903,86.3510068854965,29.8755091353592
10836,-10.9490293678224,86.2948118506961,30.335661621514
10837,-10.9615145004661,84.6332050874792,33.823313702201
10838,-10.978316724272,81.3985834209151,33.7440617691767
10839,-11.218798570589,53.2508000989474,30.227902876338
10840,-11.2380441351375,53.2296889317692,30.1597047764079
10841,-11.2380441351375,50.0246547124298,26.6801649072366
10842,-11.2337730224708,49.9746721757444,26.4280892075473
10843,-10.630131754405,45.7327657670629,19.5814019628727
10844,-10.6268310756708,45.6337418762892,19.3718598698118
10845,-10.0710578336393,42.3872335429764,17.5925395955459
10846,-10.0710578336393,42.3813889868963,17.6348460809529
10847,-10.0673993918887,37.5131829047342,17.8580789392805
10848,-10.0704033658395,37.5033370306444,17.8479400129794
10849,-10.0697556057155,36.0180597116147,17.8824153977231
10850,-10.0972928354168,36.1773356105829,17.7267262098928
10851,-10.041134457361,35.6188627337054,16.5387572867765
10852,-10.0346779994061,35.5988046765806,16.5579625529342
10853,-9.99988994060599,35.4789893574944,16.6611656012329
10854,-8.98224245067348,30.3827041122162,20.7260710571253
10855,-8.93209334851873,30.1244473023878,20.811381286253
10856,-8.93209334851873,29.5181881619517,20.67847512918
10857,-8.98224245067348,29.3010053884877,20.5558466297938
10858,-10.3339228855924,31.2349231896173,12.8005664243442
10859,-10.3528138118267,31.4223050304829,12.6959230009338
10860,-10.3559733598376,31.4944249084092,12.6784205703681
10861,-9.64197549934311,30.3886888517894,17.1817238841581
10862,-9.65059614553754,30.3990254378246,17.8970242948519
10863,-9.63085614222346,30.6152709817788,20.7847196203108
10864,-9.63177899734112,30.6758557512536,20.8155907770633
10865,-9.63177899734112,32.2659695327155,20.8610797842402
10866,-9.51958906827789,31.7106912641561,21.2617852252389
10867,-9.51486653253107,36.0214369631345,19.0319635718792
10868,-9.51486653253107,36.0707274110141,18.9727318703025
10869,-9.57349948407088,36.3923050392444,18.7121234463446
10870,-9.61858927656808,36.5471542657369,18.6486946009618
10871,-9.81309694414417,37.5318917611234,18.4897765400614
10872,-9.81309694414417,37.5411203752082,18.4133835389494
10873,-9.81309694414417,39.9174514654325,15.13283074941
10874,-9.79309310690416,39.8826916428993,15.2046491387652
10875,-9.79309310690416,39.8824537288847,15.3789388086845
10876,-9.79309310690416,39.8657698583057,15.3914458935048
10877,-9.88267225673243,39.4782741846532,15.5145522195644
10878,-9.96276858662863,39.8707569067774,15.2490560936867
10879,-9.96276858662863,39.8214166017348,15.6163600127366
10880,-9.95683725157385,40.9885181170777,17.1070652805249
10881,-9.96321601044648,62.9986048598651,18.5666767904042
10882,-9.93299898873094,63.6372819251215,18.7384539829566
10883,-9.93576381636428,65.1350939498862,22.9885665082749
10884,-9.98649778466301,65.7463050483318,22.5335805972737
10885,-10.3150078129766,86.9677104133724,20.8348161753082
10886,-10.3315280604639,87.0558177908325,22.8946464132422
10887,-10.9185081423994,89.9028239902715,27.6463735019995
10888,-10.9406871697945,89.3189239475385,27.652445574168
10889,-11.4162539798283,91.7121524038333,25.165315780544
10890,-11.4222957576978,91.8294995740161,25.1314839862011
10891,-11.4222957576978,92.3645926270416,20.6078798871334
10892,-11.4135280984327,92.4811903991078,20.5412193832053
10893,-10.8648337255108,100.317803827059,23.1894232559673
10894,-10.7676066373261,99.842870526446,23.7546271990396
10895,-10.2371467029409,98.5366475519979,26.7106004252311
10896,-10.2252503539891,98.5242000994056,27.4366760388116
10897,-9.9101374132889,96.9471959447679,33.4314498105541
10898,-9.82735302294049,96.5488083667384,33.8744465899152
10899,-9.70591581475574,93.199589924178,35.380797525488
10900,-9.65375923381587,92.8077315144567,35.6391463387144
10901,-9.47860679081284,91.0488768603841,36.5233590463319
10902,-9.47860679081284,91.0790725924992,36.4687083449973
10903,-9.4831484678286,84.2988103482004,34.2977291537367
10904,-9.52966819618157,84.26946279508,33.9941922199331
10905,-9.64600238895985,80.2241149574294,32.7327783722402
10906,-9.64600238895985,79.4751927814962,31.3836446343437
10907,-9.63808576124331,79.5104754465704,33.3373697149541
10908,-9.60427537809348,79.3758508597485,33.511131447746
10909,-9.60427537809348,79.4887880831911,34.4746471678293
10910,-9.6188998756674,79.2931517899149,34.431280605645
10911,-9.9462859530014,78.7431598329857,38.1147870345048
10912,-9.99699850269142,78.9651230269124,37.8776905410356
10913,-10.0427665216326,79.0306559788994,37.6859200354766
10914,-10.5063344894975,78.9705015667957,35.4985530570848
10915,-10.5519095324246,79.1069990454407,31.3429131753307
10916,-10.6208729464258,79.377566025201,31.1333070893218
10917,-11.5525846387593,83.8814346574904,26.0914762379369
10918,-11.5645270187217,83.9198193146941,26.0078132364152
10919,-11.6015678235872,98.8086418484189,26.9327926328801
10920,-11.9103215641149,100.214115389422,25.4426775532337
10921,-11.9284068947793,130.696164745601,42.0794494554604
10922,-11.4358093211257,128.670934929265,45.2245715137962
10923,-10.963067065972,128.79921127388,78.9126721733869
10924,-10.9092137194959,128.64858893528,79.2014013014178
10925,-9.53511070717948,122.956584310123,84.8575702075989
10926,-9.50364961916478,121.596073991411,84.9749047500941
10927,-9.50364961916478,90.1573077548728,46.951931268454
10928,-9.53511070717948,90.1314533074449,45.8360111688764
10929,-10.164300692862,56.9029227141944,41.501359171761
10930,-10.1903511171255,57.0101090677464,41.7637795367002
10931,-10.6247361334127,42.3883216402396,38.3274089043183
10932,-10.638608891317,42.4205976885735,38.2962250184804
10933,-10.5343604118054,41.8944416818699,28.4688484689634
10934,-10.5098689320334,41.8418976014129,28.5299714383511
10935,-9.59619165683845,44.7887604821401,24.9364817988458
10936,-9.58098260927634,44.7652237463791,25.0013532207833
10937,-9.19833185020309,43.7332695176729,27.0364212047577
10938,-9.1134214507741,43.3108031251741,28.4950305508362
10939,-9.05227070895684,44.0815861743162,29.0059281417064
10940,-8.99082257077119,43.7319291128101,29.3690238557669
10941,-8.4813972904184,41.1569616197364,34.6582242190767
10942,-8.47581557807411,41.1628826008145,34.5755342003522
10943,-8.47540634685243,37.280112277545,34.367297803253
10944,-8.59798241708578,37.8192773981387,33.9818979411661
10945,-10.4478135379746,40.7589840020884,25.3353776753954
10946,-10.4493824661,40.6748652046666,25.7172723810396
10947,-10.4493824661,40.6748652046666,25.6527151828344
10948,-10.4493824661,40.7130452700105,25.6419751686289
10949,-8.43547854652022,33.5853676157942,19.0254831075436
10950,-8.42783635610296,33.5528013829195,18.9596693299837
10951,-8.41331367129174,35.7876727584791,18.878790939549
10952,-8.4130583046086,36.0576109345006,18.9812019892517
10953,-8.69169954322636,37.5033706246579,21.7901309739796
10954,-8.7071907028924,37.3181867970103,21.7782514977677
10955,-8.7988772049926,32.3940044661547,21.3547988807839
10956,-8.80719606438242,32.3375767315762,21.332335584136
10957,-9.38913755561478,33.3827948497177,19.5944277641635
10958,-9.40211786360446,33.4576434194372,19.5422149913094
10959,-9.74296538942174,30.6366574000394,17.8205573768284
10960,-9.74724646422332,30.611748999624,17.9380047506758
10961,-9.8251655015034,30.7770730642623,17.5858980085286
10962,-9.8251655015034,30.1522761517621,17.5858980085286
10963,-9.8251655015034,30.1184000068123,17.4339347118811
10964,-9.60168994964723,28.7606246737879,13.8414318276399
10965,-9.5439755843964,28.4473287794865,13.7875986272088
10966,-9.54374092623383,28.5676638740566,12.3249396299252
10967,-9.54829284256639,29.8171441227003,12.3176313581751
10968,-9.55191319587702,29.8386608775648,11.5814259391046
10969,-9.51853559855302,29.681851702842,11.4484809968971
10970,-9.01137450105582,29.6681136900125,8.34287259285249
10971,-8.9570233248877,30.1136285517307,8.54958025419044
10972,-8.95661454524793,37.501837062284,7.3202933994104
10973,-9.01137450105582,37.8027159220608,7.03232685503703
10974,-9.23275008237636,56.8038734684167,11.4516998099258
10975,-9.22625154801718,56.7823040847938,11.6191475561098
10976,-9.21587570372487,68.6301696035996,12.1690999402374
10977,-9.21526588098364,68.7113242642535,12.2137865939402
10978,-9.21526588098364,68.7106676604434,12.2581469635883
10979,-9.26975994213831,74.4749137673974,12.6749672426212
10980,-9.65478847350211,76.4500681964407,15.4139215226768
10981,-9.7298840607249,76.759649965318,15.3084672196923
10982,-9.97808578826422,77.7786794466619,18.7663924906215
